0.00225709
0.00217854
0.00224306
0.00213914
0.00223877
0.00215983
0.00219458
0.00221935
0.00217924
0.002231
0.0021574
0.00229098
0.00216498
0.00223294
0.00216378
0.00218296
0.0021766
0.00216236
0.00220603
0.0021532
0.00220136
0.00215015
0.00218643
0.00218631
0.00217507
0.00216724
0.00213335
0.00221512
0.00214293
0.00219443
0.00217636
0.00219109
0.00217669
0.00215544
0.00224392
0.00215396
0.00223393
0.00217288
0.00220084
0.00221941
0.00218153
0.00219977
0.00214441
0.00221667
0.00213982
0.00218975
0.00215462
0.00218258
0.00217237
0.00215293
0.00220411
0.00214304
0.00221341
0.00220338
0.00218864
0.00220485
0.00217741
0.00219936
0.00214453
0.00221582
0.00215846
0.00218428
0.0022258
0.00216733
0.00222187
0.00213622
0.00226109
0.00214945
0.00219541
0.00219904
0.00218306
0.00219098
0.0021714
0.00218642
0.00215249
0.0021998
0.00214813
0.00217912
0.00217585
0.00215694
0.0021724
0.0021471
0.00218693
0.00215265
0.0021647
0.00216283
0.00216769
0.00224233
0.00217147
0.00222555
0.00214701
0.00217096
0.00217966
0.00218668
0.00216104
0.00222792
0.00220576
0.00214395
0.00218979
0.0021511
