0.00268594
0.00261423
0.0026266
0.00262435
0.00261126
0.00261977
0.00261762
0.00261776
0.00260535
0.00262488
0.00260477
0.00266097
0.00262387
0.00262878
0.00260634
0.00263851
0.00258792
0.00263211
0.00258864
0.00263978
0.00259087
0.00262988
0.00260344
0.00262176
0.00260977
0.00261098
0.00261627
0.00260847
0.00262039
0.00261902
0.00262214
0.0026071
0.00262491
0.00260019
0.00262563
0.00259449
0.00263688
0.00259422
0.00262863
0.00258486
0.00263345
0.0025856
0.00263859
0.00260872
0.00263931
0.00261173
0.00262238
0.00261558
0.00263335
0.00265813
0.00260897
0.00261381
0.00260993
0.00262542
0.00260902
0.00262369
0.00259174
0.00262568
0.00259428
0.00263142
0.00259535
0.00262739
0.0025957
0.00262509
0.00259148
0.00263286
0.00259438
0.00262007
0.00260397
0.00261723
0.00261664
0.00260203
0.00262336
0.00260753
0.00261735
0.00261013
0.00261355
0.00261191
0.00274481
0.00260287
0.00265698
0.00261103
0.00264941
0.00259316
0.00263106
0.00260597
0.00263512
0.00260716
0.00263263
0.00261712
0.00262133
0.00262334
0.00268854
0.0026212
0.00260501
0.00262627
0.0026044
0.00263178
0.00260508
0.0026347
