hello
0.00210609
0.00200753
0.00202559
0.00201391
0.00200736
0.00204641
0.00200425
0.00203222
0.00202025
0.0020073
0.00204402
0.00199866
0.00203341
0.00201822
0.00201226
0.00203906
0.00200453
0.00202804
0.00201637
0.00208119
0.00203339
0.00207392
0.00202403
0.0020039
0.00201509
0.00202365
0.00199591
0.0020303
0.00201224
0.00202417
0.00202277
0.00199121
0.00203423
0.00200748
0.00202789
0.0020242
0.00199614
0.00204665
0.00200866
0.00203043
0.00201646
0.00200542
0.00204079
0.00201052
0.00202379
0.00202211
0.00207679
0.00204241
0.00200233
0.00202926
0.00205618
0.00200445
0.00204106
0.00200692
0.00203298
0.00202248
0.00200161
0.00203962
0.00200876
0.00203281
0.00201325
0.00200868
0.00203682
0.00204226
0.00207101
0.00202231
0.00203774
0.0020423
0.00199942
0.00203695
0.00208055
0.0020349
0.00202257
0.0020705
0.00204218
0.00200784
0.00203072
0.00205541
0.00199883
0.00204719
0.00200998
0.00202978
0.00203223
0.00200425
0.0020538
0.00200355
0.0020237
0.00202091
0.002006
0.00204805
0.00199856
0.00203447
0.0020209
0.00200546
0.00204195
0.00199472
0.00202412
0.00202701
0.00201455
0.00203338
