3.49152
4.62185
4.57993
1.94389
2.01977
1.99619
1.96529
2.0273
1.94832
1.97165
1.98014
2.02817
2.00901
2.02968
2.04678
1.98115
2.13721
2.03501
2.01347
1.95793
2.00211
2.08146
2.01589
1.98837
2.00425
1.98182
2.15349
2.19682
2.16257
2.11262
2.22145
2.17722
2.07597
2.02718
1.99858
2.04084
2.03239
2.10043
2.06212
2.07141
2.01679
2.02768
2.12993
2.0791
2.09501
2.11658
2.12507
2.05796
2.12633
2.03542
2.04268
1.99712
2.03966
2.08799
2.1058
1.99655
2.02694
1.99759
2.18255
2.08875
2.10695
2.06979
2.05125
1.96278
1.93355
2.01742
1.99872
2.01979
2.02517
2.09787
2.00104
2.0531
1.92491
2.00858
1.97965
2.02747
2.01225
2.08906
2.05994
2.03703
1.97298
2.02218
1.92674
2.0869
1.99693
2.02954
2.06063
1.97903
2.02656
1.97457
2.00979
2.16469
2.07061
2.00748
2.09946
2.07878
2.09247
2.15355
2.16726
2.16632
