0.00217744
0.00209499
0.00208632
0.00207314
0.00211492
0.00207352
0.00210223
0.00210088
0.00208569
0.00210433
0.00207331
0.00210941
0.00208187
0.00210088
0.00208996
0.00206309
0.00212067
0.00206971
0.00210522
0.00208919
0.0020837
0.00210271
0.00206667
0.00211194
0.00207629
0.00210359
0.00209282
0.00207416
0.00211408
0.0020914
0.00210601
0.00208782
0.00208116
0.00209192
0.00207901
0.00211628
0.00207137
0.00211488
0.00209386
0.00208005
0.00217297
0.00209005
0.00209979
0.00210048
0.00209733
0.00209564
0.00206941
0.00212067
0.00208644
0.00209923
0.00209513
0.00208606
0.00210228
0.00207069
0.0021064
0.00208331
0.00210392
0.00208888
0.00207599
0.00212413
0.00206709
0.00210458
0.00209053
0.00208102
0.00210823
0.00207198
0.00210769
0.00207547
0.00209952
0.00209421
0.00207358
0.002117
0.00206865
0.0020952
0.00208984
0.00208917
0.00209976
0.00207477
0.00211589
0.00208129
0.0021015
0.00209096
0.00206858
0.00211155
0.00208064
0.00210228
0.00208383
0.00208758
0.00215217
0.0020759
0.00210825
0.00207767
0.00209197
0.00208788
0.00208482
0.00210219
0.00206779
0.00210197
0.00208575
0.00215403
