0.00310844
0.00306948
0.0030461
0.00304073
0.00305663
0.00302655
0.00307015
0.0030468
0.00303463
0.00306386
0.00301402
0.003062
0.00305382
0.00302671
0.00307552
0.00301765
0.0030771
0.00305453
0.00303269
0.00307146
0.00303787
0.00305226
0.00303715
0.00303614
0.00306108
0.00302585
0.0030504
0.00304543
0.00302715
0.00305974
0.00303488
0.00304723
0.00304953
0.00301988
0.00306509
0.00304306
0.00303467
0.00305295
0.00302522
0.00305721
0.00304599
0.00302926
0.00305908
0.00301992
0.00305797
0.00304948
0.0030413
0.00306654
0.0030759
0.00304169
0.00304824
0.00303875
0.00305941
0.00304501
0.00303754
0.00305657
0.00302217
0.00305705
0.00303759
0.00303073
0.00306077
0.003015
0.00305391
0.0030369
0.00303079
0.0030571
0.00313768
0.00304575
0.00305631
0.00302264
0.00305614
0.0030495
0.00303379
0.00319635
0.00301175
0.00309366
0.00304884
0.00303229
0.00308271
0.00303727
0.00306665
0.00305674
0.00302437
0.00306775
0.00304518
0.00305353
0.00308106
0.00302481
0.00307801
0.00303565
0.00303666
0.00307514
0.00302016
0.00307511
0.00305343
0.00303626
0.00306692
0.00301112
0.0030763
0.00305191
