0.00202531
0.00199328
0.00204831
0.00200753
0.00202108
0.00202085
0.00200364
0.00204126
0.00201038
0.00202396
0.00201784
0.00199379
0.00205123
0.00211677
0.00202422
0.00201719
0.00200357
0.00203673
0.00201359
0.00203446
0.00201573
0.00201015
0.00203665
0.00200148
0.00202652
0.0020137
0.00201191
0.002054
0.00205581
0.00197605
0.00201828
0.00200199
0.00200261
0.00200876
0.00202335
0.00202224
0.00201532
0.00203827
0.0021659
0.00204042
0.00201391
0.0020284
0.00203425
0.00200106
0.00204616
0.00200958
0.00203348
0.00202482
0.00199756
0.00204717
0.00202444
0.00204969
0.00202961
0.00200199
0.00205387
0.0020067
0.00202777
0.00203176
0.0020021
0.00205596
0.00200602
0.00203758
0.00202098
0.00201624
0.00204152
0.00200498
0.00203436
0.00203757
0.00201438
0.00205137
0.00200815
0.00203959
0.00202585
0.0020182
0.00203361
0.0019943
0.00203967
0.00203405
0.00202124
0.0020431
0.0020063
0.00204352
0.0020144
0.00202915
0.00202156
0.00200273
0.00203666
0.00201617
0.00203051
0.00202932
0.00200781
0.00204908
0.00200624
0.00203414
0.00202214
0.00200418
0.00205498
0.0020073
0.00203258
0.00202506
