0.00320279
0.00307393
0.00309967
0.00333651
0.00305597
0.00310859
0.00306575
0.00306553
0.00310097
0.00306037
0.00309228
0.00307378
0.00307594
0.00310088
0.00306969
0.00307957
0.00310106
0.00309816
0.00309422
0.00307267
0.00306168
0.00309096
0.00305873
0.00308221
0.0030743
0.00306337
0.00311158
0.00307526
0.00314608
0.00308438
0.00302857
0.0031427
0.00307626
0.00306621
0.00309661
0.00313313
0.00308898
0.00308969
0.00306032
0.00309836
0.00306969
0.00306597
0.00313368
0.0030791
0.0031034
0.00308586
0.00312112
0.00312153
0.00308703
0.00309686
0.0031591
0.003052
0.00310959
0.00308994
0.00309531
0.00313516
0.0030654
0.00308529
0.00309364
0.00306372
0.00311138
0.00310929
0.0030859
0.00314139
0.00306422
0.00314477
0.00309294
0.00306667
0.00316041
0.00307252
0.00314531
0.00311533
0.00306459
0.00315192
0.00308593
0.00306456
0.00314654
0.0030577
0.00310913
0.00309003
0.00308048
0.00311624
0.00308022
0.00312854
0.00316607
0.00305455
0.00315787
0.00308611
0.00313995
0.00311791
0.00307685
0.00311628
0.00315661
0.00304803
0.00316758
0.00308145
0.00307939
0.00316027
0.00307575
0.00313723
