65167
58860
59464
70432
60067
57602
57807
58557
57630
56480
76060
59222
56292
55880
54787
54102
55140
55694
58894
56577
54977
53412
55332
56080
56130
54122
56434
54885
56482
89257
55402
58877
57617
57672
55720
54037
58160
56980
58210
59270
55832
54677
55777
53167
58112
54275
55890
55422
55322
59092
54192
62280
64037
65407
61352
28335
29435
28023
30773
27949
27761
28561
27707
29170
28332
31224
28905
28990
27734
28300
31529
28086
27444
29036
27324
28966
28074
28860
28475
69717
41585
54592
38511
55982
56920
60682
59355
59980
58364
56882
54650
56300
54797
58275
58732
56892
58914
55712
55645
58220
58064
62390
73127
86160
62600
58270
60395
61252
60150
57852
56904
59397
56592
55647
55807
54250
56824
54492
61320
57375
56915
53607
56245
54260
58257
59107
56864
58942
60967
54250
54495
56524
57642
54827
52490
58707
54524
60857
54320
59774
56050
60970
57520
58575
57524
58692
58232
57655
54322
52632
55564
54335
74074
53414
54040
54107
58347
57515
57767
56722
53074
53030
53040
56947
59610
54107
59112
57775
55327
60380
68164
54395
54784
55924
54984
59610
58677
56894
59044
58242
57440
56602
58650
58707
56890
63314
61627
58607
60462
56532
59717
56235
54790
58005
57840
62327
59125
62320
61464
58505
36451
30338
29327
27494
26998
27100
28570
26198
42704
30831
28192
29976
30160
27722
28989
29561
30249
30661
28345
30114
27274
27576
56345
60177
54817
57010
54392
57165
54990
56490
58477
54804
52885
61155
54990
53450
52764
53330
57942
52087
54310
53730
54252
59492
59764
58720
61235
56242
65100
55800
56500
56070
52805
54717
56180
56572
62172
53670
57722
57865
56040
52610
53280
59050
54754
54572
58297
54172
55777
59062
56487
57512
58897
55792
53472
56244
56362
55602
58082
56030
60817
55397
60510
57792
59022
56290
53992
58294
57117
120457
59967
53814
53525
56534
53822
54780
55082
57780
56797
55295
53104
59992
58665
60802
58110
54975
60392
54580
58757
61380
59512
57400
58512
57250
55990
58555
58400
59592
55775
56450
55385
53195
55690
54450
59090
55114
69795
59437
60764
64692
55172
54004
53897
58590
56700
56690
54500
58030
57057
61397
57202
63237
60027
59547
58562
29398
31683
29040
28473
33758
32428
29637
30559
29408
27691
28740
36791
33952
29019
29427
30235
29988
28418
29248
29000
27872
60004
57327
55187
73497
56052
54844
53490
62047
57922
56690
58264
55197
54220
53562
53007
53762
55507
55645
55947
56124
57482
55214
57582
58492
56754
58485
56287
56417
58164
54610
60222
56322
55820
56965
56084
57052
54392
61655
74210
55750
55837
52955
53652
60362
53844
53812
57837
55747
55520
53420
57317
110845
54987
53134
53832
53720
59205
58607
60527
53780
54880
60640
58854
56467
56097
61392
55320
56574
53717
57212
54575
54857
54690
58154
59364
55985
55580
59442
57462
55502
55002
55554
53747
54434
58712
55402
54352
56182
54280
55247
55184
54197
55397
57922
53525
53770
52707
56487
55987
52814
55227
56380
117297
55012
57110
56012
58847
59814
57342
54277
56437
54632
54200
58305
59212
59305
77005
62684
68660
58637
28774
27640
29967
29604
28064
28980
28021
28474
26147
29569
30218
29981
29490
29032
28615
29272
38364
30690
27422
29280
28243
27551
85582
59502
25155
58614
56482
57377
58462
55187
54132
55270
55072
57752
55104
58342
57767
57567
53762
60935
55737
53270
57210
53472
58850
78034
60972
61550
60637
59030
60734
58372
57744
58940
56220
58582
55730
54532
60167
54550
53552
61247
55112
58202
56542
53914
59785
54762
54845
59110
57195
61592
58930
56782
60217
54704
54002
58570
56892
57047
54642
56300
53847
53477
55522
53545
53244
52822
59887
60860
55080
55330
54197
58030
55067
53640
54082
53767
57600
59827
59962
58177
53457
52435
54002
53617
54587
55204
60892
53024
52620
60204
56864
58252
59292
58524
58712
57307
56350
56977
57135
54710
59342
55517
54980
54277
58402
57787
56197
57597
58252
58002
57565
55497
55440
58590
55682
54917
53952
56980
63652
64445
58310
28475
27558
29180
27363
28753
27616
34971
28852
26555
27899
31207
27639
28832
28994
29853
27774
28030
26798
28423
26536
30217
29442
28502
28688
64020
34516
30251
58522
53227
56042
55625
54707
55980
53842
59450
62712
53042
54777
54027
55120
54352
53390
52417
58705
53340
56772
54814
58450
57585
60194
56077
59185
55587
53827
85480
56462
59422
64370
60807
56112
64014
54800
56494
53717
54132
55287
61720
56900
56727
58777
59810
57182
57582
59485
62015
55600
53950
59575
58300
58190
58305
54905
60692
58005
60887
60832
61757
56354
55604
57472
57104
84975
56937
61587
56537
58585
57882
53602
53707
59194
56637
55317
57507
59750
59000
57447
55442
57132
57912
56877
76352
57762
57934
60554
59137
56492
56644
59810
55765
55332
56040
60007
56167
56775
55434
57377
56935
54632
56152
55075
57922
58165
55710
57627
56795
58582
55635
54567
60152
59047
61770
59967
58187
60452
61585
30184
28160
30466
28917
29074
28452
27304
28509
29598
29989
27914
27585
28133
28658
27753
28378
28673
27547
28575
27672
28145
27216
62005
26360
58085
57533
24613
54617
54117
53247
56122
56940
106454
55897
55400
57712
53777
54247
54944
53154
55545
57410
55747
55474
56667
61507
59707
58215
54664
54227
56057
54257
56784
65227
82920
56872
54922
56125
55574
62550
60620
60022
57152
55867
52802
53417
55422
57612
54322
54472
52830
52960
53304
56882
53517
53410
57582
55552
58770
55782
59042
55977
57732
59177
54602
54330
54192
53362
54057
55685
56150
53632
53590
52980
57952
58970
58325
56087
54465
54145
57955
58315
57504
56937
55477
95097
72235
57610
56594
58777
56864
60334
60410
53882
55294
58582
55400
54387
57852
55992
57932
59432
53515
57960
57654
56370
53004
60592
55192
55437
55705
56487
53035
57402
55952
55602
56147
53602
55265
63707
57997
58644
58292
58567
43710
29200
33281
31410
28265
29256
29832
28905
37240
30596
29863
30032
27816
29554
30772
27325
29897
28342
26953
27663
32620
28556
31479
29717
61025
60677
54652
55482
52977
40994
56392
140654
55407
60337
58067
57260
57414
55807
56772
57930
57480
59775
58530
54257
59287
55014
57225
59730
57892
56302
60522
97870
64015
61082
81072
57857
59307
58357
56785
63060
54067
55950
52832
52012
56135
57847
57682
53982
57187
58570
53967
54767
53107
54315
58200
54550
53652
53177
54894
60564
59155
54110
58027
55795
54937
54007
55484
59725
57895
57432
53017
53300
57792
54765
55454
57424
53255
55157
54160
57997
56120
55392
54957
90372
61247
54724
55682
51794
56590
56122
54944
54735
54082
54780
56742
57937
59267
57810
54365
53802
57452
55822
56635
54200
54802
54587
55867
59067
57765
56074
56997
54924
56767
59574
56325
57842
57830
55962
62205
66224
62817
62424
29647
29553
28732
28017
31572
29356
30146
29395
28000
28785
29983
32579
28374
30037
31063
29040
27820
29970
29614
27644
28647
28388
28192
28285
50112
61580
63650
55590
56487
56184
54020
54242
54854
54352
101417
53054
55460
57410
57852
53614
53345
56900
54955
55485
53812
56852
54772
56035
58047
57912
57090
54082
56284
54247
54467
60070
58505
57822
56452
58750
59400
54434
53174
52840
52415
52167
52212
54980
55017
59720
53957
58722
58387
55027
54462
57780
57257
57967
58680
56447
59687
54327
53174
128162
56587
55330
53107
58202
58812
65867
54387
52037
63192
56787
58032
55132
56294
54297
56995
53554
53924
58840
55037
53964
53427
53647
54630
57285
55770
59440
58407
57160
54452
57332
55842
53982
53967
53705
55952
55662
55555
58137
59492
58210
57995
54792
55677
60250
57217
55184
54620
59507
59297
57662
55025
53117
60167
58377
58077
58637
58157
64347
60192
57942
57912
63667
28475
27392
30599
26360
48978
29030
27196
34955
40975
31273
27465
27894
28877
36852
29415
29955
29660
28061
27502
28372
27020
27291
61372
59780
82125
54190
58415
57367
56340
55002
53840
56330
59910
58442
54902
54240
54072
53950
55367
54172
57547
57645
55267
56777
57595
58192
58567
60644
61732
56982
56245
53050
59935
55694
76935
55192
126900
55727
54482
60704
56774
55470
53587
53980
53232
53005
55107
59700
56545
56580
53422
52717
53830
53615
53190
70204
55262
54087
54342
53887
53635
54477
52442
54237
58244
58800
55547
53022
62760
53930
56415
53352
53767
57202
54232
55544
53734
53134
62414
88222
54840
56697
60145
63942
25781
61052
60887
58430
54065
54417
58740
57312
57622
57994
58887
55070
58002
57750
58487
58122
55312
57105
54252
57317
60737
60207
58972
58030
54747
55290
58160
53860
54620
57860
55087
54474
55260
60337
57687
84360
58717
59290
61687
63612
62067
32743
29347
29248
30804
28373
29265
27949
28505
30577
29197
30581
27691
29315
27549
27067
28473
28725
28506
27794
31015
28949
27580
62234
60597
59210
61247
56370
55230
56620
53102
59927
54042
54220
52812
53240
55280
54880
57110
54132
55710
53834
53487
53804
57972
58145
57432
53682
56197
63167
58510
56387
53832
58012
54912
60024
57024
54325
52132
56167
61830
59195
54440
57562
58702
58260
55995
53824
52245
57362
58280
57935
55845
54377
54542
58024
54867
54860
58487
59517
57874
58462
53912
56467
57517
59822
58260
54555
55027
57765
53727
54855
60010
52592
53910
53910
59594
58630
57797
54987
54662
58490
58654
53587
53732
52304
55937
54912
73762
59810
54750
61060
52585
57410
55277
58332
57232
57427
53590
53705
55627
57040
59807
56360
53985
57967
57887
86590
85322
53237
52930
59090
53912
53247
55854
56917
57640
56392
59384
63305
65490
63965
61947
60062
64802
38914
29469
28566
31275
29409
30378
28563
27516
30975
35872
28284
26953
28161
29278
26930
29242
32112
28863
29040
29989
30447
29490
28616
59992
54145
47174
57124
53822
53404
58330
57552
55302
53980
54722
53320
53547
55087
55072
56294
53770
56430
54482
58670
54665
53882
56987
55494
58160
56172
55547
55877
58285
56727
55660
56400
58067
55450
61557
56850
54227
53830
79410
77037
56415
58240
55052
61052
59982
57567
58562
61027
60860
58910
57752
56807
55817
53517
54494
60592
54795
57652
57747
52845
59142
59450
57280
55772
54732
57642
57435
101162
53472
58112
58960
58682
69432
58214
59222
53410
55900
54404
58792
59042
54497
52287
61375
68080
55000
58372
54794
51962
57580
55100
53237
55374
54310
53037
52645
54825
53782
54155
53447
54262
62160
55705
58300
59217
54972
52687
61764
57907
56442
58957
56530
57365
54740
54900
55912
90435
59735
61540
58062
29389
29956
29360
28276
27649
29196
30051
27945
28820
34882
31462
28680
29437
29549
27598
31097
29095
26325
28606
27657
29105
28529
28920
56860
63312
63070
58572
59122
55792
53827
58230
56702
54417
53942
56220
55915
57594
58297
54064
56500
54032
53542
55620
56984
54574
53665
55117
74472
54904
58750
57635
61000
57372
57522
55410
57040
55770
25950
63217
59310
55400
58927
58487
55907
55647
53710
57987
59952
56912
60230
55715
58582
54324
55202
57847
57067
55720
55647
78020
59952
55222
57632
57945
54950
55910
55492
54400
55467
53427
58070
59530
53914
58762
25558
26912
26350
54412
55380
80442
53750
54104
61960
52860
59250
56400
55367
60920
55970
54057
53072
55067
56930
60097
59310
60255
57112
53157
53232
52862
53564
54202
58087
54170
54012
53432
60924
54015
53522
57322
60075
53740
55537
55687
52072
56064
54200
56297
54942
59885
56994
57244
63917
62930
60252
62297
27530
31270
29785
28598
29232
30112
28917
38479
28619
30881
31818
29850
29094
28520
28595
30116
28049
28838
28854
29651
27252
28887
28942
56260
58462
59030
41581
55760
62202
54737
58087
55037
55460
57377
59990
55012
54507
53830
52660
53635
53912
54872
56154
58104
55052
53295
60172
57260
57287
59832
105202
57107
56687
60430
80497
59074
54847
58370
58442
56225
57102
55345
55102
54770
54170
60654
59974
58767
58604
61232
58867
59137
55712
54397
53722
58125
57927
57910
55995
56722
56230
56544
62082
59150
58350
58472
55120
58335
53354
55062
54512
57667
58070
62252
57455
55120
58045
56127
62310
54935
61270
54102
53664
54382
54387
59902
55010
53710
59107
55730
57942
56952
56324
57545
52855
52695
53565
60197
76900
53914
57417
55760
56692
56000
53632
54664
52692
55924
52455
54187
55210
61595
53354
53760
57650
55150
75677
54342
55207
60355
64120
60205
58274
61030
64934
28628
27719
28540
27779
27713
31289
27847
33015
33610
30400
30543
27912
27806
27846
28046
28087
30167
29487
28283
28791
28760
82737
60562
67764
72524
55765
55270
54405
60427
58292
53910
59797
54110
56797
56704
60714
59127
57517
54147
54062
53812
55060
60267
53725
57282
61475
61615
60142
56712
122795
55980
62797
60054
59975
59137
55592
58930
58922
60630
58154
56722
61037
57070
54497
54794
81247
57594
57967
59910
54245
57360
60617
61005
58314
53827
54020
53512
60122
62020
61167
59895
58934
58380
56697
55242
53427
58567
57512
53527
58532
59040
58050
57102
60054
56002
58494
53034
52832
55372
57085
53142
53794
54270
54424
54565
53257
57250
54642
54990
59190
52787
53427
52264
54044
62250
58710
58920
62065
57217
59387
65080
59902
59597
58230
57587
52542
52772
54870
52514
59964
58097
52272
54922
54217
54602
54112
60650
58860
58644
57427
64657
58727
56997
28022
27160
31628
29827
28916
30760
28702
47095
29931
26915
30930
29731
27460
28245
31954
30447
34845
31260
28415
28807
32711
59852
54380
61442
59512
56162
58182
58410
56412
53857
54684
52910
58097
59230
56470
54310
53455
58162
56925
59162
55230
53982
55472
61747
59182
57827
56942
57792
54182
62832
57227
55434
59297
59442
56187
53397
62512
54444
60662
53772
54175
58560
53310
59940
57377
56660
58002
55525
55154
55022
53362
57880
59010
59684
60215
56407
58767
59244
56000
80530
53225
53292
57230
53770
52642
54280
55360
52617
52737
52092
56677
55870
57947
66285
57532
53792
56622
58780
57072
55097
60345
58525
57947
59365
25649
30687
57347
59850
25709
56415
59337
54414
54910
56057
53685
58797
55925
52767
54722
53462
54267
54300
54495
56077
53170
53460
54084
53277
54034
61107
55377
54087
58095
54222
60342
52677
55245
55100
60397
58007
65512
59400
27993
27515
27020
26597
28706
28126
26941
30033
27143
37987
31558
37358
30579
27814
27961
30463
28767
27604
27847
29113
27435
27384
30792
26896
56972
64214
31452
33818
57632
52702
55002
106787
57575
59674
52987
58142
56710
55557
53650
58087
58727
57604
56630
56814
59112
57260
56220
90227
59094
58610
56822
54592
55882
58340
57725
59432
58897
57650
58342
54170
58487
97450
59804
59184
57727
53630
58427
57674
57277
57802
59597
55210
54670
56337
58432
55232
55465
54835
53672
64695
25920
28185
26077
26290
26089
24914
27465
29124
25729
27499
57572
61290
56340
54644
56960
54030
59340
59537
58535
58162
58640
53294
54550
54210
58257
57180
54374
54527
54620
58695
61380
57020
60410
60772
61747
59347
55497
55707
56420
61014
57740
57977
55040
55417
54847
53805
58307
59340
57040
54702
58212
58045
53985
53670
53052
58527
58607
68080
54097
58994
59660
58167
53710
83027
63732
63974
62404
61637
31762
28057
26844
28118
27631
27037
44971
27786
28620
44365
30779
30892
28959
28204
27388
26849
27705
26848
32563
27243
28947
27451
26810
84187
58485
57184
61727
54520
54107
55357
54300
53652
53107
53840
53295
57695
59852
57467
53300
56815
60032
59807
54132
58637
57692
56480
55582
81690
77862
57597
56974
58167
54617
56467
59302
57720
57502
59404
53915
58700
59094
54215
57897
55880
58135
57892
55244
63014
58582
57165
56802
55592
57467
58425
55550
57852
56712
55615
80747
59094
55132
57060
54730
55550
59334
57384
56730
56667
56797
58627
56412
54604
61220
55810
55320
25873
29286
30548
25200
27290
25151
25811
28438
55840
63672
54032
53952
55115
53510
53165
52007
55624
55700
58892
54187
54384
59447
58112
58385
58330
51817
55890
54930
53720
58190
52840
53717
53832
59227
53984
54872
51934
51840
58037
82320
56345
59542
59767
53882
55350
55657
58260
61932
65367
64812
63832
58390
31679
29369
28480
27311
29600
27710
29441
29477
31878
28280
31173
27475
26525
29670
29105
29342
31052
29003
28811
28205
28814
30870
36409
59420
62285
57252
58422
55152
54022
58822
56765
56055
60830
57687
56852
55295
57687
55277
54215
55982
83230
61982
56497
57395
57920
60212
55257
57070
55217
60810
59152
61160
57232
55687
59654
55492
60470
59154
55172
55517
55304
55742
54952
55445
52924
54940
55797
57025
56105
58437
51880
56850
52962
57940
57420
52645
58547
53697
56087
54900
58337
53030
53870
57825
55805
53144
58732
53770
53950
78514
58577
60145
58552
55280
54432
59862
52772
54902
58687
57304
54707
58394
53602
25550
57887
56700
54127
54202
63344
59950
57490
58657
54660
54810
58124
59382
54942
55477
57122
59790
56790
55010
53525
57407
80922
55607
55042
60352
57132
53897
53477
53600
61662
60052
55132
54954
56925
56197
88074
57457
85900
57380
30840
31298
30487
28721
29110
31255
30060
30207
28359
29924
34183
29254
27225
27930
30556
29763
27573
29965
28579
29167
27674
27640
27849
42202
57727
53987
59174
53275
53177
67457
54100
59934
53637
55040
56210
54032
58785
57912
57970
53804
57537
55510
55260
57557
58187
55182
57470
62152
62357
61197
60657
56520
54777
60730
55092
54052
59454
56707
59965
89615
54450
56654
55097
58087
55532
59404
54117
55825
57345
53947
60525
58050
57415
56804
54395
54242
58177
53807
58022
55840
55630
53864
54032
56487
54632
55215
58252
58774
53840
55090
55662
60832
56180
58564
53704
57155
56652
58347
59320
55160
53557
54052
57754
70625
59772
59604
56690
57660
57185
58840
57847
57730
58665
58434
54202
55380
55092
58032
53800
53692
55227
54692
55497
58052
55434
56782
57792
59440
59780
53702
60192
59352
57740
56190
54112
55025
53917
61190
60770
54710
60922
60517
62780
63795
61745
26929
28827
27797
28459
28083
30569
29231
31060
27630
25774
31112
30059
28745
27730
28106
26891
27973
26976
27502
27395
28756
27477
29369
28528
84720
28611
26238
56252
56867
55040
71032
57152
53105
52310
54282
57445
57327
57130
57912
57687
58220
56447
56977
57994
56817
57540
57652
58842
57690
61365
60357
54960
59434
57775
56960
58567
57942
53577
62352
55972
54247
54512
52890
54700
53597
54680
55690
54847
54335
55547
54735
56975
54022
52545
58762
55385
56574
58057
57932
57992
53677
56237
57462
54114
57282
55090
57497
56512
58177
55202
56482
55147
57005
54560
53420
54782
54347
77757
56552
63400
58947
71785
58160
57394
56875
56530
59824
53832
54725
64092
54762
54402
58067
54110
53472
54020
54307
60195
54790
54495
54127
52340
58834
54530
54094
55294
59032
53927
55292
52920
54607
57687
56542
54645
54834
56625
57165
58292
57237
57114
61355
83747
63034
63587
57087
63654
30969
28619
31415
28299
37442
31928
27100
29346
27416
48857
28800
30109
29385
29530
29803
28286
30264
30007
30388
28615
27214
29693
27970
58312
57817
39742
54534
53764
62357
58745
57075
53360
53587
56024
53185
53662
54070
55330
54340
54932
54694
54470
52492
54840
54884
56065
59717
56420
60817
61212
57985
54355
79197
83535
57785
55220
59202
84457
57047
60070
59380
56114
59380
59332
55287
54212
54620
55397
53624
55087
27567
25043
27123
29321
24606
28612
30207
28948
25586
25100
28297
25175
26301
30625
25800
27510
24481
24689
58504
62612
47742
47822
53830
48895
53242
52797
60300
53864
54245
55617
74980
53697
51912
54612
52527
54692
56122
56130
55005
54987
54117
58100
58642
53947
53467
59010
56755
56190
57150
61530
57892
58515
55215
53262
55797
54794
54360
57700
59422
59570
62344
58790
56534
57147
57167
55330
54047
57720
56600
54750
57455
58907
55790
54247
60252
136332
60642
63447
62252
64532
64657
62360
29576
28115
31859
30314
28726
29729
29765
28773
28403
28471
28918
28854
28423
29369
28357
30858
25859
31078
29111
28184
27655
26890
88750
58732
56002
57407
46566
54302
57315
55392
57837
57122
57770
94750
63047
57804
56262
55160
55612
57605
54524
56912
56632
57652
82607
57655
57330
59200
58957
59980
60417
56932
58987
57497
58610
56047
56332
55335
54962
59290
59450
53867
54235
55112
57257
62980
58902
58397
61407
57664
57102
57490
57702
57897
58880
59037
57590
59252
55007
57467
57757
57504
64550
58154
59194
60027
59072
54830
57827
57952
54252
53700
53197
55922
55455
53042
54040
54212
72792
57947
56110
55475
52814
53714
56544
62057
53154
56747
57004
54997
57854
58317
57095
60084
31296
28445
28038
28390
27020
28620
28724
26995
28397
29375
26544
27250
27973
27186
26684
25974
26710
26934
27292
26906
25980
27406
26015
26653
26620
26882
27263
28537
27943
26978
27859
26461
27406
27216
30978
30395
42816
30743
29185
28620
33691
32046
32977
32722
33814
29910
29925
30478
31860
44079
32470
31260
41452
33581
32578
33840
32532
28781
30263
29298
32009
33809
34817
32571
32847
35945
34076
34158
29690
28361
30599
30566
30512
27875
59092
30985
33280
42388
34032
32509
26747
28997
31186
27854
28011
37609
59622
61924
63337
61502
59232
55485
58842
27922
29206
27087
28095
27328
28706
25650
25643
24909
28202
26615
28744
25685
31395
28431
27725
27022
28960
24678
26149
24722
25104
25528
23957
24719
24130
25161
25537
24233
24000
41760
52497
62595
53430
55234
54840
53730
54090
54722
59567
56524
57470
58034
79214
55402
56977
55360
52507
56232
55010
55357
54467
54892
55467
55104
53032
52372
57967
54477
54134
53355
51060
59707
67000
62385
61937
57080
57590
57872
59084
55082
61252
55552
55037
55277
59814
59542
54707
58434
53200
58912
58607
54532
54445
58835
56657
58217
56517
55774
72364
59570
60157
57470
57842
57217
58755
57987
77260
83342
58414
58555
55192
57970
56687
54530
54202
76125
74815
57982
56740
57894
29349
27679
30690
35142
29296
28221
47452
34541
31518
33560
33843
34228
30309
31355
32591
34560
31205
29222
30840
29492
31012
33221
32721
34285
28023
24889
24951
30925
26455
55037
58152
58160
59822
56962
54142
53850
55920
67860
55052
58432
65127
59655
55960
58197
57505
57935
52935
76557
57452
64885
62462
57632
55127
56270
58330
57330
54090
64224
53780
61364
57542
53895
59510
54534
54467
64620
60332
55522
55944
53880
55492
55445
53932
55090
55870
56765
55625
55760
57525
61787
56444
55710
54094
55432
57810
59862
52530
58410
56507
57460
58787
61560
53867
54370
54784
55730
57580
55422
52794
54485
58574
54175
53332
59422
57500
54057
55360
56882
54705
53342
59112
56475
53425
54810
57162
59450
58072
54500
54572
53557
54782
61647
56377
26025
26774
30114
26185
25988
54332
63014
72612
59400
55984
53910
52880
59387
55034
53857
53485
54517
58820
53897
56644
57550
62182
57275
56930
56964
30038
27584
27380
27141
28120
30077
28273
29089
28640
30007
26305
33593
31785
29863
28831
27429
28020
25410
35677
28437
29439
29412
29538
29355
56150
60475
58640
36941
58340
54000
58652
128222
58560
58627
57740
57234
58512
59752
54967
56590
57537
56105
54172
59010
57090
57982
56144
57800
57687
57022
56992
78792
57414
148510
60390
55860
58534
55100
59145
61944
53892
58794
56180
54610
56087
56692
55622
53942
59892
59445
54090
54540
54667
58820
57332
58660
58517
59645
58447
60024
57752
57562
61827
58210
61194
35722
59632
60357
52360
53985
61432
58647
58172
58330
56350
54587
59367
53582
55107
54400
60572
57492
57302
53950
58312
58570
60354
85037
58757
62970
59094
58367
56672
57930
57744
54414
53297
59527
62990
52900
53850
55027
53917
57192
57430
58250
56227
59392
57104
59450
57142
60442
54865
24700
32953
25438
26919
37981
30167
29000
35720
28475
28400
28752
29797
29137
33256
27509
28560
36436
28405
32150
43206
31384
27939
28335
29655
29120
27329
27321
27360
27359
28285
30157
29198
27867
28214
57412
53762
35676
58657
54885
52910
54385
54195
53204
55250
55234
52862
52470
53427
53385
52852
58037
56457
59275
54632
53832
54297
53127
54787
58162
56792
56325
57320
58272
54152
59562
58954
59940
67350
59150
59207
53032
59502
81412
58070
59307
60140
58870
57165
55530
61172
55710
54545
57622
52884
65482
59697
56145
55410
58562
55190
54502
56395
53457
56260
54674
58085
54812
52365
54250
53612
53227
57537
58234
55290
55417
56137
55707
56130
57300
54110
58962
59215
54210
57040
53924
53752
57412
53910
57950
59722
53547
54467
53322
52500
53890
62332
54807
54080
55860
54214
53227
54557
54922
54482
61162
59412
55614
54124
54447
56212
54967
55082
53877
54112
57507
55600
56375
54287
55407
60267
56774
53597
62752
62097
175605
58410
31118
28958
31643
29990
29744
27547
32192
27322
29427
29657
33528
29087
27524
35255
30159
28710
28230
32114
29119
30324
30231
31424
29240
28718
28250
58130
53470
53467
59102
58060
55760
53922
57077
55630
58440
58027
58797
58302
60007
57907
56742
58350
58662
61845
55677
54350
53750
60352
59414
74537
80897
57364
53520
58740
54557
56167
58937
61020
60934
57607
56357
55807
57924
54070
52925
54512
59172
56920
53114
53470
52782
56494
54042
58485
57387
60457
54164
59757
58735
58917
59107
58015
58017
57060
57980
54217
55310
54440
57080
58982
53672
55794
53837
54777
67830
59227
54827
58500
58137
54310
53634
54885
53130
55902
55837
56034
55477
53465
56822
54597
54970
55180
57955
54132
60220
60635
53435
52045
58845
55180
53200
59080
58632
55012
56780
80805
56090
55644
57495
60137
52320
55230
53335
57980
58245
53835
55005
53765
59667
57937
58580
58392
62912
61910
61547
61814
29384
29636
28112
29349
29047
28635
30018
28665
26470
29288
28347
29127
27385
31144
30189
27275
26706
27331
28440
28142
31960
30386
29102
79814
31646
31043
54830
56940
57807
60005
58540
53704
54794
57720
54727
77860
59282
56712
58765
58837
55932
56470
56575
58484
58057
55412
79977
78652
59584
56310
62875
56445
58130
55120
72332
56057
54012
54950
54115
57850
54317
53392
54192
54022
53900
56777
57080
58930
55502
58550
57317
53614
52952
54882
52607
59320
59427
59760
58120
53787
54877
53300
60225
58224
57390
55582
54492
53592
52580
54287
53114
52762
52080
78272
59600
104650
58067
56012
53775
53470
54537
52982
58867
57660
58957
52910
54932
53857
56212
55220
52970
56397
55810
54297
55365
52485
56990
52852
54382
54180
55292
60180
59887
58272
56124
55510
53192
56034
26680
58605
55142
59955
59560
53030
57197
52565
57067
54175
61360
55510
60502
58187
60712
63450
63580
29669
28059
31660
30848
27764
27701
27180
43716
40603
30417
28204
28470
27386
27649
28008
28074
29299
27440
27595
28784
28997
27602
27758
56384
43252
54922
54085
53997
53547
56380
57315
63967
53952
55265
53820
56692
54952
54282
53914
56282
55597
56112
56490
53977
53994
58352
84247
81704
60290
56884
61517
56992
56632
56484
57004
53202
59820
54800
84095
53942
54050
57487
54257
52170
58820
57382
54417
57594
53244
54490
52747
84777
56307
56120
58160
60607
55965
58930
58914
54437
57800
54955
53852
53407
57302
57607
55455
55624
54242
54070
60590
58727
55357
56010
52847
56235
55502
58327
53717
53257
65382
54757
54440
59394
57175
55082
54707
53677
53787
56424
54400
56480
52677
53664
51867
54800
57570
58685
59312
58317
55302
55947
55994
55057
55972
55490
57930
58650
53695
57245
58707
58740
58422
58525
55524
56270
56617
56044
60180
57664
56862
58797
62562
59027
28026
29277
28627
28035
32419
29306
36907
28309
29423
30018
29920
28765
29155
27830
28522
31889
29795
31526
28609
29369
29620
63542
26888
58305
54884
54900
55580
56057
55914
58090
58952
57962
56634
55595
58502
54790
57580
56665
55082
54590
55370
54017
56992
54547
55300
77830
65052
59250
55227
56662
59710
55602
60494
59220
55670
57437
54605
58364
61227
55192
53010
55510
56695
66710
54822
57332
56742
71164
56652
53267
57972
55552
54292
54742
58424
55230
55317
55167
58042
54400
65382
55660
55382
53927
52410
53270
54657
55730
55080
53380
53444
61212
54347
56960
60024
58552
55040
58720
58407
59097
55912
55510
54912
57892
58672
59317
58490
59120
55254
57972
63765
57212
58010
58355
62382
60757
55875
55660
58200
54172
53920
59295
57322
55714
55152
53562
57012
56590
54832
53057
60192
87304
55732
53697
52975
53215
57100
82350
58912
56732
58627
27817
27867
28877
29305
32027
28519
30202
27710
27935
28530
28347
31300
31325
28881
29473
29460
29040
29798
29399
27417
28206
29888
29369
28797
30595
59637
56217
29152
62975
73555
54632
56682
57820
55340
57312
54772
54924
58945
56000
55032
55940
60745
58392
58647
61227
67667
59812
59780
53760
58545
71550
56877
59787
56030
57280
55280
58754
56707
58834
57707
59717
56867
57294
58050
60107
57804
55084
55910
58977
55857
53235
55187
57255
54217
57130
54710
54462
54990
24870
27099
57674
59000
54920
56792
34935
58912
57844
59810
56430
58440
57870
56017
57002
56500
59190
57057
59020
56892
55087
54212
59102
53387
57424
54430
56312
57882
53202
58832
58184
58332
53957
53812
52727
55644
58342
55092
54680
54592
54952
53840
58870
53854
56717
55242
54404
53662
60642
59274
54710
53890
53382
58924
54192
52870
54900
57504
56142
55880
55990
54420
60077
81484
60224
60004
58650
58912
27425
27196
29676
39433
29088
29074
28415
28999
37888
29016
30866
27662
28331
28552
29394
28176
28702
27119
27530
28573
28023
28407
26290
28911
56620
57002
56684
56335
54110
53280
54427
54550
57292
54382
54722
81067
59644
58134
58982
53930
60597
58024
56145
57455
58864
56215
60917
61065
58350
58587
56472
57265
79980
55372
55252
55207
55070
60542
61887
59172
54245
53935
59442
54345
53862
60222
52504
54922
54465
55240
58920
53997
57850
56992
55615
57027
60464
53114
53747
80960
55514
53250
58282
57557
54224
54437
54390
54632
57360
53395
72592
57182
58827
57352
53902
57584
54122
55117
59700
55620
53435
57094
54672
54310
56752
54745
53622
55417
57347
73672
56892
56497
54145
54562
54142
55262
57767
53850
56812
57502
54590
64547
55342
53502
53012
53870
55610
58285
56452
58484
57432
58640
56784
55200
55722
56867
57447
58474
54867
61800
82134
61582
88527
60132
26713
28959
27410
36369
30942
27408
31196
28786
30755
28807
27600
28807
29065
30115
27276
27961
29280
29571
29070
39386
30080
28040
57115
59595
28429
54175
58132
54002
54442
58385
53957
57800
54497
68634
78825
55622
60267
57502
56925
57892
56584
56310
53645
56544
58347
59262
58315
57730
56352
55670
53414
62130
58360
60370
57127
56737
57685
59330
56667
57402
55825
58924
57812
80435
60377
54690
57144
58002
54337
59062
57082
58170
55315
55137
60034
56214
58635
58762
59125
54682
60552
60572
58317
54197
57762
58550
58617
57252
58325
57137
57437
59044
97622
58667
57012
57632
61022
54020
59514
54455
54954
57682
57617
56097
57772
54765
58847
58474
55380
67242
56307
52422
57617
58314
60244
57192
52462
58234
54737
57294
54145
54905
54685
56615
57922
61637
57707
55117
55567
60897
54067
57032
56674
55590
69427
57564
59817
61377
63760
61064
58857
60657
65080
30000
41720
28365
31272
27834
28026
27810
30043
27773
29460
28760
26997
27020
27919
27360
29481
29974
28356
27860
29008
28836
28888
63925
56717
61462
57587
55930
58624
56887
59510
55302
61632
57547
53440
56657
55202
58462
55054
60505
59295
54977
58432
58390
57445
65702
57302
61310
56940
71954
57010
61650
59095
61792
77700
58704
56907
58710
58777
58287
55437
53310
53584
61244
59322
57020
54862
54850
52850
54910
57002
58167
55377
58630
54142
55080
54250
57312
57632
57617
56242
59177
64192
59842
59252
56267
24668
28100
25499
25660
25859
25410
25840
62704
58907
57632
58042
55154
57240
55782
58940
53300
55884
56067
58994
57052
54877
54735
54870
54860
53950
53705
53342
53637
55572
56657
55385
58934
58055
56860
55110
56512
58557
53125
55270
82602
53715
57540
53617
81252
58724
52832
60854
57370
57220
54427
59867
58004
57650
60052
82567
63987
58945
57885
30945
27879
30343
28706
31602
28553
27794
28655
26867
40637
29109
27055
27652
28073
29868
28370
28407
31985
27790
30157
34831
31331
29394
76912
56047
60550
34830
33134
63857
53770
54382
53242
53650
54374
59770
59170
58260
57620
59920
59830
55450
58620
55932
54940
55952
53920
62132
60710
86702
64374
60262
84795
57427
58340
56280
57400
57295
57885
60610
61772
59214
55892
59550
58242
57165
57650
59697
57450
57185
58002
55100
55457
60307
54447
55617
59192
61314
55692
55132
58112
52360
57700
58437
58315
56792
57990
59084
54830
57452
84540
59400
58904
59460
54287
53450
55290
54385
54182
51602
54372
53520
61085
52520
52672
56970
53604
54210
53727
58792
53574
54645
58094
53842
56062
53647
52287
56850
58730
58622
57954
55377
53825
54304
55562
56814
55002
56662
56700
56915
53562
54620
54812
55232
57602
56537
52997
52317
57032
54394
67550
63990
64250
84982
28447
30826
31840
40630
29080
31358
29280
27982
30641
29484
27379
28540
26958
28097
27868
30372
27280
30521
28476
27737
29985
27938
31123
57750
61680
57102
38871
57377
58974
53710
53837
57402
53772
52320
54562
54550
53920
52425
64330
57967
54722
53842
53357
55717
54812
53967
57807
63462
57874
59895
59750
56185
61085
54822
54247
62895
56427
59214
54357
55170
54917
53814
58507
54697
54622
55897
54792
54425
64867
61910
54507
58527
55872
53565
56592
87080
58710
60122
54004
54425
60667
56494
55195
54324
54645
56827
57065
53015
53887
52875
56214
53917
55434
55832
55027
54470
55817
53017
53902
53562
53420
57520
57090
59797
55077
54744
55225
53442
53577
54264
57522
56770
57162
54767
54904
55437
57325
60190
53182
59697
54522
54967
57174
58387
57885
55802
56975
53430
70267
60780
60345
55752
58732
54442
54610
57555
58295
58160
59727
60667
60730
62877
28605
47000
29474
28766
28277
29508
28011
31677
27925
27835
29336
29280
31001
27730
30962
27356
29877
28082
28455
29388
33668
39014
28886
26850
26412
28320
60394
26707
57147
53492
55912
60127
56025
54630
65367
61027
60210
59254
58380
54760
58432
57565
56512
59240
54114
53504
54605
57180
60664
92004
58277
61010
52307
52987
58385
54942
54502
54817
62647
57047
52402
56587
58397
55742
53880
58504
54544
54770
55620
54442
56144
53470
53605
53545
87104
55147
56984
55957
55792
61372
60172
58537
59354
54340
54202
53990
56790
52324
60364
58830
58490
58102
53607
57657
53557
54070
56815
56232
52687
53947
55732
58464
57462
59947
58260
58132
54747
59910
56230
57757
57702
54730
55610
53740
55015
53804
57447
57260
58110
53957
55665
54770
65932
54644
56952
59887
57617
54617
53994
56112
57910
53874
58475
56322
55075
54115
54750
59277
70480
58462
60145
57265
57250
60190
61145
60432
59557
62232
58682
27725
26140
29552
28050
27640
26072
27155
28020
27586
28026
29135
29274
30935
29917
28111
27776
28567
28126
29161
31310
27987
35703
28693
27543
39241
30579
57645
56507
54537
58210
57580
59102
53560
54565
53475
54532
58787
57494
55697
56452
54512
57154
57930
56547
60090
58077
55160
61270
56854
60892
57165
58200
56705
55582
62100
57864
61005
59450
57952
55255
54634
54817
55285
76182
56740
53814
53067
58090
55827
54465
54700
59322
56697
57260
56332
58777
56007
54045
58225
55107
54864
54370
54510
54492
55004
58394
58254
61117
58142
78130
56504
54272
54954
55982
53912
55920
57135
56670
60637
58280
59020
57477
55285
54522
66170
57697
57382
57837
56582
59792
59220
57534
57720
53660
56755
57900
54840
70747
55532
59127
52822
55110
53324
55342
55327
57590
55920
56350
58440
55460
57000
42824
26257
61917
52694
52294
58490
56220
54714
56367
59932
59335
58974
28910
29548
30111
26927
30865
28076
27952
27388
28205
26850
38917
31725
35136
28010
26902
27228
27637
27770
27891
26772
29000
28392
26038
28585
64915
56154
57287
57967
32830
31520
55585
53137
57095
54612
54097
55845
57572
57050
54802
56992
56494
57915
54402
53562
54020
57990
58852
75352
78865
57130
59740
54555
55194
62470
60762
58707
57440
57562
55434
55672
55245
56410
56512
58615
57927
80620
53587
54050
55357
54904
80140
52495
56552
61685
57844
60110
55537
53404
54082
58240
58342
57780
55237
54140
57937
59234
53097
55627
52855
53840
62350
58957
58134
61592
53997
55724
53625
53030
57700
52747
53862
75364
54115
57767
60325
56802
57885
58734
59267
52974
57512
56144
54667
56507
59452
57010
123504
53812
52567
56730
56957
55735
53157
56615
54872
55742
55870
53710
57484
55515
54535
59627
60597
57702
60310
54710
55340
54187
59252
55570
65134
64040
59884
60350
58444
64812
29354
29755
27180
27337
30993
30298
27415
26298
28686
30140
30530
31604
28292
30655
29671
27467
28751
28008
28500
31167
29676
29139
85250
64390
52701
57557
62980
52272
54130
55034
58935
59177
52837
54437
53862
53724
57862
54294
53202
54260
57307
58597
80490
59152
57550
60240
54192
59742
60140
58690
55297
57142
53812
53737
55327
56387
54694
59180
55840
55412
55910
58735
58347
61654
57030
60905
55770
54667
53367
57070
58990
54742
56155
59187
57670
58835
59492
53642
54090
55552
54942
53325
56097
54307
55432
53970
52974
57867
56987
57335
57324
52772
57240
55490
53752
54687
54230
53360
58050
58280
58750
53012
58815
54122
53932
57722
53280
58637
58307
60105
76662
56940
58720
54630
57694
61112
55037
57490
59957
53210
56947
53644
56864
55334
59297
54530
57255
58950
59520
58397
56760
57112
55074
53902
53627
55072
67680
54190
58637
60310
62302
59304
63032
61657
29068
29414
27457
32797
28165
28494
28215
29335
27560
28671
30601
28455
37960
52088
28378
28542
29276
30544
28730
26839
28126
27977
62520
59022
59620
58557
55842
54935
54995
57572
53137
55380
78372
57120
59502
57857
57697
55970
55354
57644
56672
55334
55842
54487
62307
92630
80002
58217
62540
52410
54437
53175
59227
56007
58332
59884
61327
58307
54450
55857
53717
60127
57704
26978
55772
24518
54140
54774
56092
56652
54450
56444
60845
56512
55230
53837
54590
52527
54287
58334
59565
55264
54280
55227
53897
55335
55732
54847
57280
56082
53867
54302
56652
55840
57807
56120
53520
59205
57522
56747
53615
54510
60737
56702
55905
53940
57687
55260
58927
58057
57302
52424
56742
53882
58007
57702
55084
56325
53147
55490
57737
59215
54230
53962
58432
57800
58502
55077
55055
53960
54857
54857
54587
58307
57732
56760
53382
54320
75862
62440
63855
58552
26344
32385
30545
29668
28290
33617
29768
28815
29899
28286
25901
30415
27627
30395
29273
27945
26718
27224
29826
27921
28488
28580
28474
27247
27983
60390
57234
68447
56917
59142
55597
53114
54947
52115
53805
53637
53537
79202
61480
58922
57927
55134
54365
58660
57957
55632
58412
53335
62280
77034
60867
55272
56820
58542
55895
63667
55777
56652
60022
63872
60842
56577
55885
58072
52227
55950
59797
58434
54074
54050
57082
58967
58214
58597
56670
53025
56974
54927
77244
56705
55937
53347
53542
54652
53582
56600
54947
58247
54157
53252
58022
55944
55900
55797
57697
55632
53992
56460
58212
58455
54620
59214
54547
57967
55382
54107
60210
60562
53332
52955
52420
57935
59442
53777
53852
57302
55200
58005
58590
58287
55562
54635
55840
59402
55490
56017
57665
56382
54470
54885
54654
58422
56190
56322
54792
59600
57807
55922
56905
61967
61825
62147
85287
63807
63474
30462
31048
31406
29033
28110
29077
28440
29423
27709
29824
30791
28379
29007
28410
26806
27798
27716
31266
29270
29634
38199
28034
29669
61885
60245
56705
55802
81827
58852
58664
54517
55660
58990
57340
56540
116484
59792
57054
56584
55482
62147
54062
53630
54590
59840
55967
56664
56905
61757
58327
99540
61617
58984
58524
60150
56207
55662
58244
58064
58790
58400
60517
58760
58487
58494
58142
57435
58120
57575
57812
59362
64012
58860
59114
53657
57930
55297
54385
55680
62807
58517
68010
58667
53692
54922
54645
58107
60220
59710
59560
54424
56347
53862
54340
58027
56990
59915
58712
58677
60072
56390
54750
56452
54147
46075
58992
24807
53882
61017
52547
54352
54607
54427
59034
57444
56287
58220
54890
54530
59217
58487
60487
56114
53690
58430
57210
54987
53534
59667
59422
56370
64527
59192
58102
59600
57127
55672
80814
62470
61797
87230
63505
30318
28990
31547
30532
28822
29207
25946
29723
33662
31892
26764
28732
30207
25910
29640
28977
32464
29770
29954
27997
28026
26995
66377
61107
60074
55230
55177
54730
52700
52970
53912
52312
57074
96914
55670
54164
57517
57567
66927
61457
54675
62147
59050
60957
60170
59162
63144
59032
54550
54272
60062
57912
55734
57705
60787
58714
53714
55522
54317
54060
56694
60072
53985
52187
55047
53432
56020
53780
61794
53524
55672
55562
55010
55177
57787
57835
58934
57397
106372
54217
60292
56012
59345
57605
57975
59222
55362
56917
57820
58062
54490
54465
58670
58032
58840
57842
57302
59407
58727
59870
58175
54894
57942
60447
57775
57442
53440
54732
54364
54967
60872
58752
52457
59652
59355
56812
55512
55265
55702
55485
55264
55130
53892
62534
53310
54850
55760
54710
54762
55565
53834
53160
58672
57177
57150
57352
57137
60172
65312
57882
60590
61984
60142
29872
27064
30001
30926
32007
27466
29096
45807
30467
28419
31872
31336
28704
29045
29215
29499
29285
30001
27542
26366
28206
81685
29101
42945
56780
52950
47263
55040
55340
53315
59850
53527
57360
54297
67304
58287
53995
57872
55655
52980
52485
57454
58937
57320
60080
57840
61507
56482
68610
58464
59327
54747
53092
55745
55265
55420
61455
57957
54482
54422
53477
53662
55530
58870
54402
53017
58160
57807
57720
54350
59414
58582
56050
59984
54084
55417
55192
60010
55820
53357
56380
53062
53400
55437
56462
55522
57242
56002
55027
56180
56187
55997
60607
54765
54407
60242
54410
53804
53327
55730
58542
58137
59620
59897
53425
57032
52982
56372
57010
53292
56960
88947
54992
58770
60615
54940
77682
59120
53017
54170
52042
53342
57792
55627
59515
57280
56275
53720
55910
53897
57434
56427
53400
54784
54237
86802
54517
73284
57734
58674
64007
28037
27657
39727
28821
27450
29901
28050
29511
28650
27439
30867
28636
27765
29798
29297
28851
27205
30108
27919
28625
27761
28700
28397
28911
28633
59184
59552
29098
56674
56825
55487
56812
55417
55050
53700
55452
56895
54067
53807
56105
54584
55567
54164
55777
57577
54747
56804
63572
54795
56332
59355
79770
57150
53855
62247
55040
55280
53402
64115
58677
54942
56967
53527
59880
59780
59715
59945
58397
58140
58784
57975
57082
53107
57650
57954
60847
57520
57050
54532
79812
54720
60952
58962
58865
57340
57732
55797
57860
58685
59404
60202
54050
52564
58735
55102
57220
58304
54310
53057
54342
55804
59782
59272
56334
54414
55190
60480
54702
55347
58264
59667
55222
53890
53297
54782
55957
53730
56402
59544
55857
54440
55377
53777
52907
53307
57045
54275
58612
57025
60320
55287
54760
57887
57582
57874
59407
64635
57600
57902
55675
60772
60250
63250
60022
62065
27930
29643
28475
58995
28299
28501
27969
28105
31691
29707
32038
29105
27697
28185
28471
31021
28829
30759
27360
27830
27210
28022
29726
27807
57967
34321
55472
33098
103234
57572
58490
54707
55242
53727
59497
59522
55435
57880
55320
57912
62662
56832
53845
54660
54467
56755
57977
55727
62345
58602
60982
62112
57645
58410
54874
68560
60677
60447
55195
59394
55880
54734
54110
56400
56162
53730
53070
55000
59392
56244
58030
58585
53742
70680
56150
59814
57060
53927
60025
56222
56125
53407
53310
52507
57452
55307
52330
52060
73887
56062
60385
52784
52407
54232
58484
54610
54070
54097
53600
53767
117217
58097
59175
58312
57955
58147
53010
57842
57190
54700
55507
61720
56897
58082
56845
52880
59224
58354
60144
57147
54952
60090
59060
79842
55674
54552
58750
59942
53727
57504
57697
58712
55015
61497
60097
60932
58304
55132
56560
56937
64244
62655
59617
63790
62532
28569
31546
29013
27373
30380
27650
28690
27873
31701
30957
29362
29878
28238
29819
29468
28433
27671
27037
28444
28043
28135
28780
65515
59464
56982
59442
54777
53710
57160
77495
58485
57847
53407
54670
60320
54990
53207
54235
60707
59080
55242
77430
53592
57814
54604
54600
58794
57687
80994
111030
58444
55265
54967
56827
55047
55874
62514
55210
57545
58150
56482
54587
56130
57842
56872
54195
54025
53540
55772
57162
60794
55522
52917
57814
59184
56550
56810
55890
54367
54472
54404
57945
56427
56977
62527
57872
57767
54752
56150
59737
54840
55030
59702
55232
54830
53445
69447
57137
55657
59822
56162
58742
55670
57890
55757
53662
53927
52912
52032
53615
55322
53122
53042
54414
56034
56950
55820
56134
58835
57825
56802
53665
54517
56167
54712
57800
57032
58000
59814
53227
54662
57800
56165
59690
57915
57957
59772
56517
65010
60982
59562
62947
60705
58994
29600
30327
26886
29694
29232
28832
28720
34908
29540
30387
29350
27395
29464
27627
30618
29766
28503
28011
27513
27950
29049
63705
60030
54432
54952
55522
54587
60000
54317
56322
54665
57530
60545
59842
57182
55417
54377
53087
54562
122955
55295
55510
60512
59147
59430
62194
56525
57642
56272
54252
56932
56550
56012
56942
57110
59985
55480
75034
59070
55714
58215
57440
53850
61202
53742
57432
53972
54382
53727
62014
54630
59662
54054
60660
59077
54164
53962
55315
55217
61507
57222
56290
54617
58162
53734
53102
55292
58367
54592
58975
57647
56114
67015
59012
59764
58997
64150
53272
58214
59347
58312
58284
57324
56512
57492
55400
53567
58192
54020
59390
57032
54035
54372
54190
57312
60197
57295
58922
54855
52625
54912
57760
55215
53622
58670
64230
53690
58802
54370
54042
54667
55090
52820
56034
60087
57402
60587
57150
60575
62402
28663
28243
29315
28410
28730
27719
27199
28847
28655
29312
32215
29928
29030
27687
29587
29708
29955
30838
26541
27949
28319
29184
30863
35742
64370
58182
60380
77474
57237
60000
54052
56555
56074
53910
58545
58477
56475
56650
56872
59397
53200
60837
57017
53590
59704
54714
52825
55714
55822
56877
57782
84572
58525
56270
54230
61285
59382
57962
57632
53972
58300
54482
57742
54087
59114
53167
57490
54894
57930
59842
59280
57232
55870
56297
58472
55002
56700
58710
54535
55077
54097
53710
57580
59844
58852
57652
53782
76267
61977
57712
58587
59424
54377
58262
59687
57857
59087
54707
67274
58954
57560
56854
57587
55110
56992
53687
58364
57742
55934
58552
53595
57450
54267
57024
55642
57825
54497
57370
57384
54762
55212
53677
54620
59387
58965
59927
57947
57917
58550
57430
57087
54202
55992
57104
59877
53954
54827
55067
60510
60130
58587
62932
59167
62790
28030
32140
28318
26789
27939
28420
29606
29274
29570
29720
31823
28407
28083
27522
28673
29918
29112
27296
28228
29754
27934
27622
32038
88475
32392
54960
54282
56675
55322
57640
52515
57175
53972
55442
56602
59587
58800
59557
58262
60100
55185
55440
55150
55104
56314
56697
54102
57232
64187
60150
61464
55230
56957
56500
58857
56170
57177
56637
59717
56560
57045
61362
56844
54807
56817
55437
58354
57407
58367
54605
59272
61107
59350
57867
57710
55067
58397
53745
54665
58400
54887
56800
56450
57127
56157
57400
57855
61490
58692
59840
61180
56337
56564
57260
58570
55222
54002
55312
51765
52774
56964
60492
53204
56945
55654
55850
56627
53847
55265
56154
55222
56770
53800
79810
55207
55810
56344
54382
56720
56400
56444
56157
57907
56892
54347
56375
57012
159997
59375
53807
53620
58585
55430
54102
57550
60480
56795
62942
59767
60860
58397
59857
57462
29659
28301
27314
27257
40281
26608
31394
43278
29882
28413
29018
27317
27081
27667
29647
28884
27670
28748
28540
28280
29931
31657
24961
60407
54487
55915
54967
55167
56345
58507
56567
56144
56050
54975
54364
53327
53682
58687
54317
54500
52407
53617
63352
55205
61192
57280
60342
58337
55812
58352
63587
62150
52940
60694
57417
55790
55200
55452
63590
57225
60314
57742
55844
62820
53597
55270
56000
54192
54727
52785
54010
59060
60687
58662
54857
58942
59164
56877
56702
54917
53687
56845
59012
55507
63855
55550
52467
76497
53927
53862
60587
53580
55734
53962
56030
54422
53460
74132
53157
59540
58204
68034
54055
58355
54430
57282
60692
56084
52564
59197
59657
53447
56814
53692
52880
54860
54890
58687
59012
57814
57215
55090
57164
53907
53960
55030
58322
58934
55842
61917
54675
53580
58080
55927
58190
56342
54382
52935
54790
56880
60340
61050
28061
31707
27139
28435
27785
27730
27660
27693
30854
29351
28579
30888
30203
28472
28843
31309
30070
28905
29035
29467
28459
31256
31221
27741
28552
56877
56502
54777
53424
55060
55000
60382
57955
54240
57812
59547
54725
54155
55127
54380
62914
58475
57347
57777
56752
61132
59552
61832
56070
79775
89560
78444
58374
57075
57694
84735
59332
59797
56354
79310
57182
53954
55904
57285
58722
54965
54080
55862
56502
56540
54250
52605
83645
56342
55030
59265
59310
58142
56132
58780
55660
55067
57810
55290
58487
60042
58017
59002
64885
59472
58462
58574
54842
56150
56090
92500
57797
62784
56445
55420
59720
59940
55142
57597
54370
56622
54147
53947
61054
54557
55017
54897
55144
57647
58527
58822
60315
56157
58055
57737
56967
55654
56912
58570
54412
58184
56970
56942
58827
58362
54354
56944
67507
54757
52920
54847
54292
56937
54310
54704
56872
67530
62522
60700
29160
29498
29458
28716
29640
27960
30033
29208
30776
38355
31235
31133
28108
30520
28809
30106
30026
29575
27920
28454
28864
28975
28222
83622
28943
34623
33027
54307
54132
54802
54050
55197
58644
59027
57290
55560
53697
53620
53310
53674
53397
54247
62762
54940
53957
56007
58252
55267
54515
56012
58454
58360
58217
54830
60410
55490
60442
58554
55230
57127
56370
55330
55732
56022
55970
55250
58094
57940
64570
58904
77447
58110
57117
57067
53560
56845
57232
57922
57500
57487
56637
53987
53625
56172
54675
57464
58367
56537
55902
73750
143150
68957
57102
53630
57275
56740
58892
57540
57120
58292
54590
58160
54444
57344
57324
56057
57412
71767
53054
54385
59332
56580
57314
60710
58622
61712
53425
56610
55260
58852
59597
56917
55692
53420
54900
57284
56497
55734
55787
54252
54464
52134
42872
52095
57465
54277
53837
57910
53350
57512
67956
59692
65971
31365
27152
28559
28962
30480
28890
28014
27932
32254
28272
32255
44040
30765
28937
29667
29308
33471
29467
31942
29700
30738
28205
29646
28480
30430
30327
54922
60327
55270
55474
54484
53290
52095
53132
54215
59224
54125
55874
60617
58587
58135
53190
54852
53082
57260
70175
60574
58035
61045
63564
56782
59972
56812
54332
54740
53102
53637
56735
54027
53322
60847
60870
56932
59617
58745
55777
53967
56887
59260
57670
57227
52880
61467
57157
55547
54592
58155
60167
57235
55552
56594
53554
59095
57377
54335
53015
52542
58152
57010
58997
57137
60935
57125
59112
54520
55677
53165
54877
52612
53200
66922
53327
55007
55410
58877
73114
27460
63314
57380
54450
53474
51987
59675
52664
53272
54297
54987
56202
53205
53702
54820
55647
54732
55717
60767
52962
53800
53884
52497
55455
56782
54577
57717
57007
57542
56872
57792
55604
56014
52730
57852
54567
58875
67000
61737
57440
60910
55864
58364
29248
30039
29761
28566
27811
28493
27854
30515
29778
30078
27641
28506
26711
28279
28030
28068
30189
29600
28556
28686
30051
81297
60677
63037
57887
55290
55340
53990
55410
57415
57985
56997
55787
84220
58947
58747
60294
57872
57304
54262
53502
59550
56422
63232
55597
59610
61102
57537
55885
53757
59322
55040
59222
56547
57332
59054
55992
78927
56222
59072
56252
65100
54927
52960
57140
56925
56702
55590
56047
28885
28733
30836
33297
27257
26046
26530
27688
31512
26890
27729
24902
61177
53670
60447
54234
56002
111224
59130
53667
53937
55547
60937
58430
57650
53920
54782
57524
53867
54300
59284
60617
55215
57690
54684
52610
56602
55200
54375
54807
52542
55962
58442
53672
54837
52577
57764
54980
58465
53317
58570
57397
77390
53644
53895
54300
52744
59092
58820
59080
57835
56322
57995
58627
57295
58875
53760
53104
59317
56244
55607
72880
83947
60434
60407
59002
32099
29580
30097
29047
28448
28367
27340
27572
28609
29176
29023
31010
29728
28658
29246
28007
31932
30012
28127
27910
29008
43640
28447
28955
57637
56042
59474
55460
54067
55214
56660
55152
53505
56097
54782
56310
54654
53892
53440
54337
56047
53425
54080
53890
55602
54792
53020
82882
57324
58872
57405
59027
53997
58325
54630
61622
56647
54832
58110
66904
61310
54220
60394
59445
57032
54444
54662
60550
56455
53287
59234
59287
55177
60557
57655
59140
57404
58575
56334
54570
54975
59387
58574
55600
57000
58625
58282
72797
55937
55382
38161
28300
25808
25389
26150
25409
27073
27485
26577
64027
56012
53187
61250
56392
56505
54995
55760
56322
54670
53787
58280
53942
57014
58404
52932
53022
57277
58527
53517
59657
54947
57150
52937
53552
54937
53985
55607
53540
54054
54567
56647
53232
53047
52514
58617
53787
55847
54544
53282
86274
58942
59012
57012
58800
58140
58497
59084
66142
62350
28451
31250
30507
30220
28638
28999
27928
27499
26600
29419
29580
29912
31437
27951
28659
30662
29662
44260
28432
30240
29227
28744
29962
30283
60567
59182
55577
53735
61592
52582
54824
53992
54760
54617
54407
54947
52942
53312
55302
57267
53640
53780
54062
58477
55082
143874
54967
53962
60182
61444
61910
62302
57102
55297
57775
56322
57082
56180
57777
56204
61477
60582
59702
56767
54045
59417
59022
55142
58270
53717
58012
56447
91034
60760
56067
55520
54500
57957
57832
60097
56715
54934
58952
56925
60400
58162
61290
57784
57812
56540
54227
58200
54215
55854
53900
59722
58907
56940
57032
29553
65467
62145
25310
54114
56032
55330
56815
54870
54827
57545
53257
58140
53062
52664
56502
61217
56457
58395
54200
54850
52775
53070
54750
51837
56047
53957
60445
58662
55762
53832
55652
52762
57367
53167
52970
54027
59315
58657
59350
57887
59210
58340
31609
28954
64017
64925
31942
29300
31320
30980
30541
30462
29066
29789
36415
30048
31352
28350
28112
28810
27107
28153
27596
29429
27939
26146
28799
29440
62825
78680
58837
55567
40948
56247
57572
53932
54040
62500
56897
56615
58847
56475
55835
59170
56307
60522
55082
52827
57257
53874
53337
57820
57972
95180
58794
56982
59005
58537
62230
56420
56587
55750
54802
59025
58990
56287
55307
52962
53084
56435
77627
54382
54710
55562
55055
58954
57850
55454
55067
58520
57055
60010
54107
57202
57487
56952
55765
53775
60840
58965
57410
57045
54567
56700
56705
53990
54237
53125
54482
54312
54160
76752
55027
53157
54217
56154
52687
56867
53034
55352
52672
57300
57597
54222
52724
55120
56357
59400
59747
54594
57457
54357
61520
57697
57957
53422
58555
59327
53994
57197
58735
57662
53600
56110
58922
58530
56420
54174
56100
150355
55442
57142
78520
76474
58810
65452
58767
59214
59725
58517
30551
28406
31473
29003
28561
29173
32769
30457
28173
27491
28518
27156
29776
28556
28307
28970
27702
28878
28036
29486
27386
59240
64850
55474
56140
54754
59205
56625
55104
53902
57410
62517
53972
53652
61740
53580
54172
55537
57714
75437
58950
56550
55047
55455
54502
74365
56167
54364
56082
57845
58287
58242
58345
55192
54817
75962
55882
54474
55042
56122
56387
57175
54142
54250
53684
54954
53754
57797
56927
57862
53350
57284
56257
56695
58205
74667
56082
56930
55717
57887
57772
55745
55390
56820
54677
55425
57272
58412
56442
54992
59570
54897
58600
58395
53170
57170
55852
56022
53730
62054
54662
55320
61562
56790
131687
67027
55465
59942
59125
58012
56872
53777
58495
54207
52650
54142
59164
57374
54770
59022
79997
58282
54410
53635
58302
57785
59422
57957
54107
61670
53030
53997
57292
58124
57637
54620
59277
60250
68000
58467
30829
31904
31808
31900
28735
28659
33325
32799
30779
36702
31632
34204
30160
31320
30076
34727
29378
31981
29908
30305
30516
37245
31720
30376
34489
29367
29231
28318
28842
28712
28391
28322
25180
26593
28738
27844
29568
26841
27010
28619
28352
28770
27756
28811
29634
28130
29220
27580
27891
26940
27852
28129
27369
27826
27892
26961
27577
26997
28817
29197
29883
32560
28450
29725
30873
45415
49654
37190
31133
32706
27545
32823
32127
30980
30111
71604
32382
35941
32713
32916
36630
35885
35222
25298
24991
31052
25019
28434
26168
26640
28975
25620
27951
25560
28127
27594
26660
29831
29367
25445
42921
25330
53270
63322
56180
55324
24985
65387
58860
59664
58222
57814
60747
26128
26634
24489
24846
24708
30550
25653
56010
24226
53307
58435
42147
61580
60322
55587
54827
52942
52602
53655
54710
56402
59614
58830
54605
58322
55037
52917
53917
54280
60560
58787
63402
58932
60162
58370
60102
58635
60257
53820
62377
54004
56195
80372
55687
57810
61917
52844
58377
58712
55162
53992
55480
54770
56025
55665
87760
59904
86657
30222
30940
38574
65087
29613
29866
28126
33492
27887
32836
30843
28359
28140
32249
30403
30574
28523
30681
29250
27163
27696
26809
28190
29440
29954
30010
27531
85512
59847
28690
50324
57160
62650
53667
52974
53674
55974
57054
57962
58447
55330
56680
26728
26340
47759
28280
27667
28484
28008
28891
27372
28521
27037
26350
25762
63484
58807
55550
34644
33542
53354
53257
81230
54040
54174
57004
56702
55462
59574
54514
53632
54375
54657
59687
58667
53222
55575
53444
52490
56455
55512
54417
51827
53237
53472
53990
61152
58517
59282
55810
53517
53512
53215
55462
58615
55140
55902
60014
54992
58437
53447
64717
58072
57682
79170
59544
53460
53514
53307
57524
57445
56832
52887
57805
57942
56187
28743
27795
53482
55237
54585
51862
53632
56644
54402
54855
54140
58954
57877
59142
56652
56747
54150
54942
59265
58844
58374
54964
54797
54570
53477
54057
56670
58795
57140
53685
52695
56407
55062
55354
58477
60652
58754
58642
61315
92077
28160
30995
29034
29376
28392
27933
28049
29262
46726
31733
28009
27473
31278
28221
28380
30366
28798
28334
28199
27326
28874
27774
33804
56437
30422
27806
25919
27230
27480
25555
27290
25816
53612
55667
56874
56907
55740
56730
75492
53034
56037
62230
59584
59030
59344
56844
58190
56942
63022
55892
60387
58094
59110
57034
62342
56207
56392
57482
60830
78907
53800
56642
60990
57194
58344
57915
56114
55245
53490
55934
62292
58187
59564
58654
55902
78102
58225
56664
53514
58237
58577
83574
56527
54240
58332
59434
56695
56142
56594
54730
58477
59770
56067
57550
59485
56730
85582
61802
58970
55075
55507
56014
57655
58117
58907
55885
54130
53510
55592
56702
55305
54130
57437
54184
54740
58052
60842
57220
56097
54180
54017
58927
54350
54255
61405
55600
54335
55282
55944
59670
54142
52932
53372
55805
55124
59794
60575
58967
62640
55142
58090
66582
64025
58274
63312
62940
28818
32072
28776
27560
28786
28262
29705
43396
31805
28043
27927
28377
33150
30922
28536
27583
28407
28200
26777
29526
27150
59157
61240
67747
57694
57044
54945
53827
54447
54220
54307
53937
57730
57160
53470
53060
54172
55010
54127
58987
59945
59887
58440
56347
62734
56920
57094
57997
60260
57082
84267
54350
57465
58740
59960
60114
58292
58900
57900
60215
58960
59857
55777
53967
56334
54280
55490
53837
59545
58675
57344
87590
61582
57735
54965
57517
53622
53890
56740
58380
57762
58054
52312
55175
59660
57267
74812
59862
57922
59237
53985
72157
57272
54464
54737
58810
60210
54454
52770
57825
58762
69270
57960
56524
56707
58032
56720
56085
57352
54642
55667
25220
29055
25768
24304
59097
57345
56445
53550
61185
54270
55612
53384
53022
59897
55290
53860
52814
54277
66310
61424
58880
55157
56670
54974
69382
54942
58597
86240
62262
56452
28998
30232
27858
31104
29692
29822
28810
28945
29104
30007
27696
30651
28168
29925
27887
59405
59267
61415
69142
27520
29663
27135
27806
27657
30547
54214
54814
57287
54152
58870
53390
62980
54375
58610
54537
53282
54332
53877
58835
56194
53297
59464
55370
54960
56394
58617
59640
73514
58744
59597
53017
54907
54222
59907
59790
59372
53797
85647
55750
54987
60077
58130
58550
54554
55287
56092
55127
57400
57617
55830
54770
53840
52647
55387
60250
54087
54687
53412
54454
25999
59642
25502
55632
60895
57865
52637
59787
58312
60037
53345
58750
57450
58347
52885
57337
55682
57940
55724
53342
53517
55107
54007
56200
57607
58930
57570
58267
53517
57240
56720
55074
51220
59400
54107
57337
59257
58187
59352
57247
60277
53590
60490
58115
58502
57570
55464
54500
59060
55424
24428
28333
24653
28963
25770
25460
27359
28517
25422
27240
27870
26165
27630
27880
27281
28756
31165
28150
34616
30960
30175
29926
28600
27756
27356
26839
28307
30810
26907
27844
27436
29975
28820
30588
28755
27623
28342
27910
28980
30795
26861
27345
27069
27631
30360
27480
77760
63682
25802
27233
58144
55560
56822
53850
52797
60682
53045
62834
53437
54622
55744
54344
53872
58205
56055
52877
54742
60694
55852
78332
57480
56355
59050
57107
57295
57732
57912
76737
55100
145680
57757
55545
55187
53770
60477
55062
54132
54607
57030
60637
58562
55305
57380
56730
56595
54287
52767
72917
57847
55022
54572
60457
60525
56472
55732
56062
52180
53284
56650
56025
61662
52407
58890
52835
54455
56382
59560
54732
54432
55262
54767
57334
55662
55245
55484
52970
57310
58780
57517
54860
55687
58982
56177
54780
54682
53960
57425
59297
53522
53922
57132
57904
55502
55207
59842
53287
60680
53622
83265
55284
53630
58340
53252
53845
56814
55610
53360
54922
54360
54390
59592
57377
55870
52857
52157
57320
58292
59254
64740
62022
62334
29866
31700
28237
28518
27846
27543
27132
29015
28803
29265
28495
26538
27160
29029
29197
30377
26820
29895
28134
28794
29250
27830
31974
27313
55110
59000
56520
55465
56024
55994
54185
59442
56587
54020
57827
58960
56592
56472
56552
57630
60042
54874
58560
54595
55567
76344
59850
57562
60357
57270
55317
55777
55462
55102
57734
56447
60440
58407
54550
56032
57360
54154
65585
55022
54965
58990
54095
62367
54742
55055
52910
61140
53177
54534
59212
55205
52735
54924
54214
54464
53555
54540
57264
55630
57092
55917
56960
54010
53260
60214
57270
54322
57680
59425
55972
53430
54024
58714
54275
54314
55787
57100
55387
90437
60985
53622
59482
60527
59867
58637
55075
58100
57597
56815
55377
58527
56667
73197
59772
73460
83887
59377
58962
59250
56140
57512
60170
61034
55717
54037
57230
53227
57242
58642
58495
55092
55802
84222
58112
58964
64880
63007
63002
58532
31155
38779
28990
27107
28226
34448
29846
31434
28540
28563
28659
28476
28388
27760
28738
27636
28160
30349
27544
30932
28768
58630
57177
58954
53362
54517
54120
61892
55175
54842
54090
51997
53600
51992
52617
55662
53265
58815
57835
55500
53942
61737
55907
53800
56270
59110
56772
54900
54954
60560
58054
56297
55760
60185
57727
55860
54972
56727
55507
53300
53310
54010
53190
56672
59487
56252
58400
56440
55297
53730
57134
53577
59427
56812
56240
55995
55510
53470
52824
56875
56745
62720
58930
57467
53900
54802
57040
55207
53984
53715
59092
56087
124762
55250
58540
55750
53020
53240
56542
59535
59514
59510
54972
78275
56870
54710
56070
59987
58137
57104
56910
60630
58904
56370
55314
54337
56967
53192
60130
57742
54890
58880
54830
59580
59260
55852
54055
54740
53334
52812
57157
55055
53072
54480
55047
55582
56924
59074
63970
60330
60960
28284
28536
29088
30290
28802
29380
28634
29214
27861
38914
30804
27937
27889
27888
27900
31542
28149
31023
28259
29997
28598
29089
27125
29585
56207
58467
59150
57140
58212
58944
58400
55615
56632
55330
56580
57044
58855
54004
54957
58357
62490
53440
60144
66195
57814
54247
57017
57817
79925
61097
58810
70277
60184
59285
57340
58754
61917
56910
58037
