0.292699
0.29752
0.283384
0.284223
0.29214
0.294836
0.290318
0.291541
0.287083
0.2899
0.290089
0.293437
0.291692
0.305991
0.292387
0.293447
0.288534
0.289512
0.291047
0.292119
0.294449
0.288913
0.289895
0.295923
0.297944
0.288506
0.289742
0.286954
0.288506
0.286138
0.291675
0.29273
0.29648
0.294805
0.304487
0.293512
0.310271
0.284412
0.286446
0.290817
0.301206
0.293293
0.307999
0.292832
0.287484
0.289936
0.286175
0.287132
0.286581
0.29938
0.289053
0.289395
0.297563
0.30086
0.284142
0.285184
0.292859
0.294397
0.288702
0.300439
0.29182
0.292974
0.292342
0.301009
0.287098
0.306873
0.294044
0.29427
0.292047
0.292298
0.297148
0.315185
0.289732
0.308702
0.28584
0.30373
0.287954
0.292697
0.28965
0.306959
0.285854
0.286621
0.290502
0.309742
0.284246
0.285594
0.292079
0.294269
0.288426
0.290632
0.290188
0.293958
0.289907
0.290633
0.290578
0.290821
0.290944
0.294276
0.287771
0.28946
0.28658
0.287437
0.288146
0.303863
0.286879
0.287222
0.292441
0.30892
0.284304
0.289795
0.284245
0.288265
0.285739
0.301851
0.291018
0.29156
0.290383
0.291479
0.284414
0.284845
0.291123
0.31757
0.291278
0.292512
0.290277
0.290908
0.29216
0.301544
0.285111
0.285699
0.294901
0.300534
0.292794
0.293267
0.292827
0.311664
0.285628
0.298433
0.290511
0.29151
0.293766
0.295317
0.289864
0.298646
0.287035
0.287393
0.290371
0.291303
0.283493
0.284019
0.287144
0.291737
0.285142
0.291292
0.283839
0.287762
0.290819
0.309101
0.286446
0.28852
0.28976
0.290634
0.288159
0.28882
0.286939
0.289518
0.286571
0.298673
0.294311
0.308203
0.288941
0.298719
0.291729
0.294032
0.292433
0.293336
0.289367
0.303381
0.289367
0.292013
0.290414
0.296059
0.289885
0.290543
0.292664
0.293124
0.285584
0.295981
0.287666
0.288689
0.286878
0.291712
0.286596
0.287535
0.294883
0.296816
0.29234
0.298977
