3.083
3.04126
3.2084
3.86336
4.30703
3.34159
3.00489
3.13814
3.01526
3.05675
3.03734
2.99744
2.9953
2.99888
3.12601
3.06652
3.04332
2.96684
2.96316
3.07315
3.11929
2.99688
2.97762
2.98384
2.9724
2.99285
2.98529
3.0457
2.91982
2.9123
3.12405
2.96039
2.90729
2.98814
2.99193
3.0484
2.93771
2.96374
2.95285
3.01718
3.18792
3.06027
3.01985
2.97354
3.02664
3.02381
3.10522
3.15368
3.04925
3.02793
2.97889
2.96838
2.98873
2.95458
2.90429
2.88451
2.89211
2.96732
2.88544
3.0065
3.03336
3.01184
2.95297
2.97122
2.90084
2.90384
3.00748
2.91596
2.89682
2.98165
2.87194
2.91673
2.98425
2.94904
2.91843
2.93259
2.94823
2.95072
2.88774
2.98559
2.95277
2.97727
3.13534
3.0122
2.99395
3.02025
3.08229
3.07374
3.00852
2.99161
2.94269
3.01815
2.97393
2.98389
2.93835
2.96696
3.01851
3.04191
3.07616
3.02193
