2.12638
4.46998
2.13405
2.15318
2.13159
2.17024
2.16724
2.13082
2.15397
2.1448
2.21096
2.14246
2.13272
2.22644
2.20162
2.14508
2.12919
2.15601
2.18518
2.12093
2.13634
2.13855
2.12184
2.13826
2.15787
2.1226
2.12463
2.19943
2.16382
2.12203
2.11879
2.12552
2.14918
2.12506
2.16438
2.16492
2.16506
2.18719
2.22519
2.1621
2.11955
2.11317
2.13132
2.14503
2.1192
2.18685
2.1291
2.13447
2.10948
2.10286
2.16753
2.18877
2.1822
2.11913
2.12405
2.13068
2.12343
2.13776
2.13701
2.12798
2.12931
2.11977
2.11787
2.15388
2.12407
2.13446
2.17173
2.25568
2.2454
2.14614
2.07868
2.12583
2.15754
2.13814
2.17489
2.13352
2.07552
2.0907
2.08313
2.11839
2.19398
2.20612
2.15061
2.08911
2.08312
2.09693
2.13273
2.19963
2.22475
2.19724
2.18334
2.13296
2.16495
2.13324
2.16256
2.31953
2.24914
2.1347
2.14077
2.1125
