5.91238
7.55816
2.68898
2.86986
2.66482
2.64562
3.60264
2.7086
2.64351
2.78983
3.55783
4.00994
3.22952
2.67785
2.69853
2.60785
2.64801
2.69318
2.71673
2.71974
2.67501
2.66272
2.60109
2.72754
2.70897
2.7392
2.64418
2.64962
2.6543
2.68446
2.68222
2.69165
2.65276
2.67355
2.67313
2.66037
2.73711
2.62184
2.59507
2.78722
2.64387
2.64179
2.66243
2.65286
2.66723
2.66053
2.70061
2.67014
2.72442
2.6973
2.65761
2.68895
2.64702
2.65225
2.6494
2.66056
2.64153
2.64753
2.65041
2.65019
2.6524
2.64758
2.62474
2.6445
2.66374
2.68146
2.72995
2.64601
2.67652
2.73502
2.66031
2.67384
2.70505
2.70224
2.58936
2.67081
2.63218
2.66049
2.65127
2.63353
2.62514
2.6572
2.64278
2.64283
2.66426
2.62545
2.63285
2.59277
2.64813
2.65572
2.70605
2.72246
2.71015
2.66528
2.6693
2.6565
2.65888
2.6712
2.69693
2.65884
