160665
203039
848
668215
903
168440
431586
5050
570
242201
822
669
27947
216064
718
624
135081
292404
59520
444575
32102
31644
364144
179736
32179
778
112275
60358
74801
52616
35318
67796
56077
139982
110301
1046
80621
238514
1022
55282
63706
344045
138922
77134
99681
16009
110708
212448
896
163477
87652
30423
1508
177759
20637
1447
20268
47985
23752
88281
123988
367782
64022
122863
183292
12849
208904
147126
80249
1223
40564
287397
45905
307166
186673
687
165054
108652
44280
99978
257817
1675
61849
150202
97823
133241
140070
47142
120906
30217
15013
2400
319305
183218
1193
141871
978
588
141236
24628
Average : 109832
