33
32
65
61
61
57
60
59
58
59
58
61
56
58
60
58
58
62
54
55
56
57
59
54
61
58
60
61
60
58
58
61
59
64
62
58
60
57
55
56
55
59
88
59
58
57
56
55
54
59
58
55
59
56
55
54
61
57
58
56
55
57
55
63
56
55
62
63
59
54
54
57
61
55
54
57
55
53
55
64
60
57
58
62
61
57
56
61
57
60
58
55
56
60
60
60
57
60
54
58
57
59
53
56
54
55
82
55
55
57
55
54
61
56
57
58
60
56
56
59
63
68
61
87
30
29
29
27
32
29
28
29
32
30
28
29
32
31
32
29
29
29
38
29
33
49
58
74
60
62
56
61
60
60
54
59
55
54
55
53
57
60
57
61
59
55
54
59
60
62
62
59
59
60
57
57
56
60
61
58
55
59
57
60
55
55
54
55
56
54
55
57
55
55
55
54
63
56
59
57
53
60
57
55
57
55
57
55
57
60
57
56
56
76
54
54
54
55
58
60
60
54
57
57
61
54
54
62
60
57
74
58
56
57
56
55
56
56
59
56
56
60
56
55
56
55
59
53
55
56
61
56
60
56
55
59
54
55
66
56
62
60
56
61
63
60
58
60
61
29
30
29
29
30
29
30
30
29
30
29
32
29
29
29
29
30
30
28
30
29
59
59
55
56
58
55
59
54
56
55
55
56
56
54
58
54
54
60
58
56
55
56
62
61
61
58
57
55
58
57
60
81
57
58
57
55
58
57
55
62
59
61
55
55
58
58
60
61
58
60
55
62
58
54
60
56
59
54
56
57
55
58
55
54
55
56
53
54
55
54
53
58
58
57
56
59
62
59
60
58
61
56
53
59
54
56
54
59
56
57
56
55
63
56
57
57
54
61
57
65
60
59
59
55
55
56
57
58
55
56
56
62
57
54
54
56
56
59
58
59
137
59
60
57
27
28
31
30
28
31
30
29
30
27
33
28
32
32
29
26
31
29
30
32
33
29
35
59
57
55
56
60
62
60
60
54
58
57
59
59
56
55
55
58
58
58
58
58
62
60
58
61
65
80
85
58
60
60
61
60
57
59
59
57
59
58
54
57
54
55
59
55
54
59
57
61
55
55
55
58
58
61
57
57
54
56
56
56
60
59
56
60
54
57
56
56
55
55
54
89
55
59
54
61
54
54
58
68
56
57
54
60
59
63
57
55
58
54
54
120
66
58
55
57
60
56
57
57
54
57
57
56
54
57
61
56
57
55
56
59
57
60
60
62
59
59
32
28
29
27
30
29
29
28
28
28
32
29
34
31
30
28
29
28
28
29
28
28
29
33
26
58
55
62
56
58
60
76
58
69
59
59
56
54
70
59
58
59
53
58
62
61
60
58
59
57
60
61
57
62
56
54
55
69
56
56
58
55
55
55
55
60
54
55
55
57
54
58
59
60
56
58
58
54
57
58
55
58
58
58
60
61
58
56
57
59
61
60
58
55
58
58
58
78
57
60
60
61
58
61
59
56
58
56
84
62
62
57
58
59
60
55
55
56
57
56
57
60
56
58
56
62
55
62
58
57
55
57
58
60
59
59
56
56
60
63
62
61
61
38
30
32
28
29
32
30
28
28
29
27
29
30
29
29
30
28
30
29
30
30
30
65
56
61
60
57
57
56
59
55
57
61
57
57
80
57
55
56
53
56
53
59
55
57
62
30
59
57
65
61
61
64
60
60
62
60
58
58
54
56
56
57
53
54
55
55
54
56
57
55
56
54
55
62
56
55
54
55
61
55
61
57
64
58
59
54
56
54
61
59
57
59
61
59
53
56
60
59
58
60
59
58
58
59
56
56
56
60
59
61
60
58
57
56
55
55
57
61
62
59
62
54
57
57
56
60
59
57
55
55
54
57
56
56
54
61
55
60
64
61
59
62
29
32
29
30
30
27
34
29
30
31
30
31
30
28
29
32
29
30
30
28
31
30
78
60
76
58
57
54
57
59
61
60
56
59
58
54
54
59
58
56
57
58
59
56
55
57
62
60
55
58
61
57
55
61
60
60
57
57
60
58
55
62
59
27
60
59
55
58
55
54
62
56
57
54
58
61
58
58
56
60
58
59
59
57
56
62
54
55
60
53
58
55
56
60
56
59
59
55
54
55
54
69
54
53
58
55
55
55
57
58
55
56
56
54
83
90
56
58
58
56
61
56
55
79
60
54
57
55
57
55
54
55
54
60
61
59
57
58
63
60
60
112
60
59
65
30
30
29
30
28
29
29
31
29
48
30
28
29
