5.96294
5.41663
2.15733
2.20097
2.28814
2.29706
2.25417
2.26182
2.20784
2.1544
2.19483
2.22124
2.22606
2.23619
2.18623
2.14556
2.14529
2.29813
2.25557
2.25108
2.28903
2.38532
2.37783
2.38253
2.37635
2.39689
2.37751
2.37693
2.39116
2.85707
3.47249
2.55228
2.38786
2.38075
2.38393
2.3854
3.45306
2.5799
2.19681
2.20136
2.20289
2.20666
2.21866
2.26109
2.20491
2.18561
2.18158
2.15278
2.2426
2.20089
2.27007
2.18834
2.18285
2.24953
2.19095
2.36408
2.26993
2.25695
2.19779
2.21335
2.1827
2.18412
2.22178
2.21997
2.23773
2.23708
2.31374
2.31344
2.24036
2.23592
2.233
2.26049
2.28189
2.25466
2.21441
2.23855
2.2127
2.2281
2.26215
2.27514
2.20995
2.21143
2.28426
2.25921
2.28001
2.2585
2.28639
2.25185
2.23207
2.22282
2.20252
2.27771
2.25121
2.24786
2.25999
2.21407
2.21965
2.23481
2.2385
2.27741
