30791.8
31421.8
38367.4
29543.2
31985.9
30161.8
28994.7
29472.6
28990.9
28327.9
29982.4
31393.8
28772.4
28001.8
27872.1
28556.5
39032.9
29489.7
60977.1
56412.4
31595.9
53190
53627.6
54327.1
55132.4
55882.9
58674.7
54404.7
54450
54275.3
54467.1
58690
59195.3
54744.7
56830
54670
57667.6
55600
55547.6
67632.4
60295.3
57505.3
60714.7
59164.7
58677.6
57862.4
58492.4
58595.3
57834.7
57675.3
61432.4
58357.6
56395.3
54944.7
56632.4
58135.3
57215.3
57982.4
54410
53620
53912.4
57490
60487.6
59272.9
58092.4
57100
54220
58860
62952.9
58705.3
53812.4
60205.3
58670
57290
55764.7
56310
58202.4
55597.6
57664.7
57132.9
54322.9
54400
58870
60542.4
58137.1
57062.4
53590
58924.7
58635.3
56477.1
59070
59682.4
56662.9
56297.1
54740
54465.3
57877.6
54062.4
59010
58467.6
