3.08356
5.5599
3.18367
3.08545
3.06866
3.10972
3.09247
3.22864
3.21615
2.99825
3.05776
3.17912
3.14655
3.05938
3.02806
2.99105
3.1532
3.31786
3.0784
3.05873
3.06702
3.06711
3.11488
3.1404
3.46239
6.97288
3.06565
2.99393
3.14139
3.04089
3.11721
3.04963
3.03915
2.97379
3.24695
3.11101
3.05127
3.1044
3.04853
3.06598
3.13051
3.11358
3.05192
3.04747
3.0878
3.13045
3.11187
3.11408
3.03799
3.13109
3.14156
3.10796
3.05747
3.04773
3.21384
3.12682
3.09921
3.00324
2.9755
3.11167
3.0829
3.15746
3.00581
2.98048
3.06368
3.11991
3.1162
3.04169
2.97335
3.15021
3.08043
3.14249
3.01578
2.97816
3.23261
3.03434
3.10516
3.05378
3.00826
3.18714
3.01888
3.07929
3.13503
3.07674
3.07377
3.04313
3.25201
3.11058
3.16531
3.00868
3.04545
3.09692
3.1226
3.0566
3.15395
3.02402
3.07518
3.70606
3.14389
3.09976
