1 2.64706
1001 43.5294
2001 19.7059
3001 30
4001 31.7647
5001 23.2353
6001 30.5882
7001 29.4118
8001 44.1176
9001 30.2941
10001 40
11001 25
12001 37.3529
13001 17.9412
14001 32.0588
15001 22.3529
16001 61.1765
17001 33.5294
18001 45
19001 25.2941
20001 26.7647
21001 23.2353
22001 17.6471
23001 46.7647
24001 30.5882
25001 47.9412
26001 22.6471
27001 30.8824
28001 20.8824
29001 47.0588
30001 34.7059
31001 44.7059
32001 25.5882
33001 36.4706
34001 41.1765
35001 57.6471
36001 17.3529
37001 55.8824
38001 19.7059
39001 31.4706
40001 32.6471
41001 50.8824
42001 36.1765
43001 45
44001 32.9412
45001 30.2941
46001 31.1765
47001 43.2353
48001 45.2941
49001 22.9412
50001 26.1765
51001 47.0588
52001 31.7647
53001 27.6471
54001 39.1176
55001 34.7059
56001 33.5294
57001 47.9412
58001 20
59001 44.1176
60001 34.4118
61001 42.0588
62001 40.2941
63001 32.6471
64001 33.2353
65001 37.9412
66001 20.5882
67001 51.7647
68001 21.7647
69001 48.2353
70001 23.5294
71001 27.9412
72001 26.4706
73001 17.6471
74001 51.4706
75001 35
76001 46.4706
77001 23.5294
78001 32.6471
79001 28.8235
80001 52.6471
81001 21.7647
82001 13.5294
83001 37.3529
84001 17.0588
85001 50
86001 32.3529
87001 30.8824
88001 37.0588
89001 43.8235
90001 24.7059
91001 21.7647
92001 42.0588
93001 41.4706
94001 40.5882
95001 33.5294
96001 22.0588
97001 35
98001 45.5882
99001 21.7647
100001 31.1765
101001 49.7059
102001 16.4706
103001 42.0588
104001 34.1176
105001 25
106001 38.5294
107001 28.2353
108001 30.8824
109001 18.8235
110001 51.4706
111001 35.8824
112001 49.1176
113001 25.5882
114001 26.1765
115001 36.4706
116001 26.7647
117001 27.6471
118001 22.6471
119001 32.9412
120001 17.0588
121001 42.9412
122001 27.6471
123001 38.5294
124001 31.4706
125001 31.4706
126001 48.2353
127001 30.8824
128001 45.8824
129001 22.3529
130001 44.4118
131001 41.7647
132001 27.9412
133001 43.8235
134001 42.0588
135001 35
136001 40
137001 33.5294
138001 33.8235
139001 32.3529
140001 27.9412
141001 45.2941
142001 31.7647
143001 15.5882
144001 37.3529
145001 24.1176
146001 25.2941
147001 30
148001 32.0588
149001 26.7647
150001 38.2353
151001 37.9412
152001 32.9412
153001 51.7647
154001 46.1765
155001 32.6471
156001 48.8235
157001 36.4706
158001 37.3529
159001 25
160001 25.8824
161001 41.1765
162001 19.1176
163001 32.9412
164001 19.1176
165001 19.7059
166001 24.1176
167001 29.1176
168001 35.8824
169001 27.9412
170001 38.8235
171001 32.3529
172001 45.5882
173001 25.2941
174001 28.8235
175001 26.7647
176001 43.2353
177001 31.4706
178001 31.7647
179001 32.0588
180001 29.4118
181001 34.4118
182001 26.7647
183001 19.4118
184001 29.4118
185001 24.4118
186001 50.2941
187001 23.5294
188001 52.6471
189001 37.3529
190001 41.1765
191001 19.1176
192001 24.1176
193001 27.6471
194001 25.8824
195001 40.2941
196001 21.1765
197001 22.3529
198001 42.0588
199001 45.2941
200001 22.0588
201001 32.6471
202001 25.5882
203001 47.3529
204001 32.3529
205001 36.1765
206001 18.8235
207001 29.7059
208001 50.2941
209001 41.4706
210001 27.6471
211001 19.7059
212001 44.1176
213001 31.1765
214001 40.2941
215001 39.7059
216001 27.3529
217001 33.8235
218001 54.7059
219001 41.7647
220001 26.4706
221001 26.4706
222001 45.5882
223001 37.3529
224001 27.6471
225001 37.9412
226001 32.6471
227001 31.4706
228001 50.5882
229001 23.2353
230001 22.0588
231001 43.5294
232001 35
233001 35.2941
234001 42.3529
235001 30.5882
236001 43.8235
237001 32.9412
238001 56.4706
239001 40
240001 37.0588
241001 21.7647
242001 36.1765
243001 31.4706
244001 21.1765
245001 42.3529
246001 32.6471
247001 18.5294
248001 33.2353
249001 50.8824
250001 48.8235
251001 41.1765
252001 20
253001 45.5882
254001 16.4706
255001 36.1765
256001 28.8235
257001 35.8824
258001 37.6471
259001 39.7059
260001 15.2941
261001 36.7647
262001 27.0588
263001 43.2353
264001 37.0588
265001 34.4118
266001 37.6471
267001 47.6471
268001 42.9412
269001 53.5294
270001 37.3529
271001 25.8824
272001 40
273001 32.3529
274001 27.0588
275001 31.7647
276001 37.0588
277001 45
278001 19.4118
279001 28.5294
280001 22.6471
281001 17.9412
282001 23.2353
283001 47.6471
284001 31.4706
285001 29.4118
286001 19.4118
287001 21.4706
288001 41.1765
289001 44.4118
290001 18.2353
291001 50.5882
292001 35
293001 32.9412
294001 18.2353
295001 37.6471
296001 35.2941
297001 17.9412
298001 45.5882
299001 27.3529
300001 41.4706
301001 37.0588
302001 39.4118
303001 40.2941
304001 29.7059
305001 40.2941
306001 19.7059
307001 37.9412
308001 39.7059
309001 42.3529
310001 35.2941
311001 44.4118
312001 54.7059
313001 38.5294
314001 25.5882
315001 31.7647
316001 32.9412
317001 32.0588
318001 46.7647
319001 39.4118
320001 20
321001 31.1765
322001 33.5294
323001 40.5882
324001 21.4706
325001 49.1176
326001 41.1765
327001 30.2941
328001 28.8235
329001 26.7647
330001 32.0588
331001 49.4118
332001 30.2941
333001 41.7647
334001 49.1176
335001 38.5294
336001 40.5882
337001 36.1765
338001 27.9412
339001 20.5882
340001 30.2941
341001 26.4706
342001 32.6471
343001 42.6471
344001 21.7647
345001 16.7647
346001 35.8824
347001 21.4706
348001 30.2941
349001 28.8235
350001 28.2353
351001 42.0588
352001 38.8235
353001 30
354001 25.5882
355001 52.9412
356001 53.8235
357001 36.7647
358001 20.8824
359001 41.4706
360001 34.4118
361001 22.9412
362001 45.5882
363001 35
364001 40.8824
365001 37.3529
366001 26.1765
367001 7.35294
368001 18.8235
369001 27.3529
370001 35.8824
371001 32.0588
372001 44.7059
373001 22.6471
374001 28.5294
375001 38.5294
376001 54.1176
377001 26.4706
378001 43.2353
379001 43.5294
380001 38.8235
381001 43.8235
382001 32.6471
383001 12.9412
384001 44.7059
385001 25.2941
386001 52.9412
387001 46.4706
388001 44.7059
389001 38.5294
390001 25.8824
391001 30.8824
392001 35.2941
393001 33.8235
394001 43.5294
395001 41.7647
396001 43.2353
397001 41.4706
398001 20.8824
399001 45.8824
400001 22.0588
401001 35.8824
402001 30.2941
403001 42.9412
404001 19.7059
405001 39.7059
406001 48.2353
407001 20.8824
408001 48.8235
409001 22.3529
410001 44.7059
411001 40.2941
412001 23.8235
413001 28.5294
414001 35
415001 28.8235
416001 22.6471
417001 16.1765
418001 54.1176
419001 34.7059
420001 39.7059
421001 44.4118
422001 30.5882
423001 36.1765
424001 32.0588
425001 30
426001 25.2941
427001 35.2941
428001 25
429001 40
430001 28.2353
431001 41.4706
432001 37.6471
433001 17.9412
434001 50.5882
435001 28.5294
436001 19.1176
437001 19.1176
438001 25.2941
439001 56.1765
440001 36.4706
441001 39.4118
442001 32.0588
443001 15.5882
444001 35.8824
445001 36.7647
446001 15.2941
447001 24.4118
448001 37.0588
449001 24.4118
450001 49.4118
451001 33.2353
452001 40.2941
453001 36.4706
454001 37.0588
455001 18.2353
456001 30.8824
457001 25.8824
458001 36.7647
459001 40.2941
460001 23.8235
461001 52.9412
462001 32.3529
463001 45.5882
464001 39.7059
465001 20.2941
466001 15.8824
467001 39.7059
468001 25.8824
469001 20.5882
470001 18.2353
471001 36.7647
472001 50.8824
473001 29.1176
474001 50.5882
475001 30.5882
476001 41.1765
477001 37.3529
478001 30.2941
479001 36.4706
480001 46.1765
481001 18.2353
482001 55.2941
483001 24.7059
484001 26.1765
485001 45.8824
486001 44.4118
487001 42.9412
488001 33.2353
489001 38.5294
490001 24.4118
491001 23.5294
492001 53.2353
493001 27.3529
494001 27.0588
495001 29.1176
496001 24.7059
497001 42.3529
498001 18.8235
499001 16.4706
500001 25.2941
501001 39.1176
502001 29.4118
503001 44.7059
504001 45.2941
505001 44.4118
506001 35.8824
507001 45
508001 24.7059
509001 28.5294
510001 25.2941
511001 32.3529
512001 23.5294
513001 28.2353
514001 55.5882
515001 17.6471
516001 50.5882
517001 33.8235
518001 48.5294
519001 32.3529
520001 35
521001 16.4706
522001 35.5882
523001 40
524001 40
525001 45.5882
526001 18.2353
527001 43.2353
528001 41.7647
529001 30.5882
530001 21.1765
531001 18.5294
532001 26.1765
533001 22.6471
534001 34.1176
535001 43.8235
536001 52.9412
537001 23.5294
538001 26.4706
539001 40.5882
540001 25.2941
541001 41.4706
542001 36.4706
543001 41.4706
544001 17.6471
545001 32.3529
546001 55
547001 16.4706
548001 46.1765
549001 20.5882
550001 23.8235
551001 18.5294
552001 33.2353
553001 36.7647
554001 25.8824
555001 28.5294
556001 39.1176
557001 15.8824
558001 56.7647
559001 18.2353
560001 43.2353
561001 34.1176
562001 45.5882
563001 23.8235
564001 40
565001 25
566001 31.7647
567001 22.0588
568001 23.2353
569001 50.2941
570001 26.7647
571001 36.4706
572001 28.8235
573001 42.9412
574001 39.1176
575001 35.8824
576001 39.7059
577001 39.7059
578001 45
579001 47.3529
580001 45.2941
581001 38.2353
582001 34.7059
583001 20
584001 32.3529
585001 45.5882
586001 31.1765
587001 35.2941
588001 42.6471
589001 22.3529
590001 27.0588
591001 24.7059
592001 19.4118
593001 39.1176
594001 33.8235
595001 46.1765
596001 40
597001 39.4118
598001 28.5294
599001 20.8824
600001 52.9412
601001 27.9412
602001 42.6471
603001 18.5294
604001 20.2941
605001 39.4118
606001 36.1765
607001 26.4706
608001 23.5294
609001 45
610001 21.7647
611001 54.7059
612001 14.4118
613001 20
614001 31.4706
615001 16.4706
616001 34.7059
617001 21.7647
618001 18.2353
619001 38.8235
620001 28.2353
621001 42.3529
622001 18.2353
623001 19.7059
624001 45.8824
625001 21.1765
626001 52.3529
627001 48.2353
628001 24.4118
629001 47.0588
630001 36.4706
631001 19.4118
632001 19.7059
633001 33.5294
634001 35.8824
635001 30
636001 17.6471
637001 26.1765
638001 21.4706
639001 35.5882
640001 34.4118
641001 38.5294
642001 23.2353
643001 41.1765
644001 35
645001 28.8235
646001 41.1765
647001 35
648001 35.5882
649001 40
650001 38.5294
651001 35
652001 21.1765
653001 49.4118
654001 52.0588
655001 43.5294
656001 30
657001 34.1176
658001 42.6471
659001 39.4118
660001 50
661001 33.8235
662001 40
663001 38.2353
664001 34.7059
665001 41.7647
666001 45.5882
667001 50.5882
668001 40.8824
669001 26.7647
670001 28.5294
671001 40.5882
672001 41.1765
673001 34.7059
674001 34.4118
675001 56.4706
676001 47.3529
677001 37.9412
678001 33.2353
679001 42.6471
680001 38.2353
681001 31.1765
682001 36.1765
683001 37.0588
684001 55.5882
685001 30.5882
686001 49.7059
687001 27.3529
688001 30.5882
689001 35
690001 39.1176
691001 25.5882
692001 34.1176
693001 33.8235
694001 18.8235
695001 44.7059
696001 30.2941
697001 31.4706
698001 44.7059
699001 19.7059
700001 36.1765
701001 29.4118
702001 25
703001 30.8824
704001 35
705001 41.4706
706001 23.5294
707001 19.1176
708001 40
709001 45
710001 25.5882
711001 40.5882
712001 30
713001 23.8235
714001 34.7059
715001 36.4706
716001 34.4118
717001 41.7647
718001 43.8235
719001 18.5294
720001 28.8235
721001 35.5882
722001 38.8235
723001 28.2353
724001 30.8824
725001 37.0588
726001 23.5294
727001 52.6471
728001 28.8235
729001 54.7059
730001 14.1176
731001 42.0588
732001 32.0588
733001 34.4118
734001 28.2353
735001 31.4706
736001 48.5294
737001 40.8824
738001 40.5882
739001 36.7647
740001 23.2353
741001 27.3529
742001 31.7647
743001 34.1176
744001 38.8235
745001 35.2941
746001 16.4706
747001 29.4118
748001 41.4706
749001 45.2941
750001 32.0588
751001 47.3529
752001 26.7647
753001 32.0588
754001 40
755001 28.5294
756001 41.7647
757001 15.8824
758001 28.5294
759001 38.2353
760001 37.9412
761001 43.8235
762001 33.2353
763001 30.5882
764001 27.9412
765001 21.1765
766001 27.6471
767001 34.4118
768001 32.0588
769001 21.4706
770001 22.9412
771001 50.2941
772001 31.4706
773001 54.4118
774001 40.2941
775001 23.2353
776001 34.1176
777001 38.2353
778001 31.7647
779001 46.4706
780001 23.8235
781001 42.6471
782001 42.6471
783001 36.4706
784001 43.5294
785001 39.1176
786001 47.9412
787001 31.7647
788001 21.1765
789001 40.2941
790001 37.6471
791001 41.1765
792001 26.1765
793001 48.5294
794001 32.9412
795001 27.3529
796001 19.1176
797001 25.8824
798001 47.3529
799001 36.7647
800001 33.2353
801001 28.2353
802001 42.0588
803001 30.5882
804001 28.8235
805001 36.4706
806001 45.8824
807001 44.7059
808001 33.2353
809001 31.7647
810001 27.3529
811001 39.7059
812001 48.5294
813001 25.8824
814001 36.1765
815001 32.6471
816001 17.6471
817001 25.2941
818001 32.0588
819001 37.3529
820001 43.8235
821001 37.6471
822001 35.8824
823001 35.5882
824001 49.4118
825001 45.8824
826001 22.9412
827001 34.7059
828001 39.1176
829001 29.1176
830001 26.4706
831001 19.4118
832001 35
833001 50.8824
834001 37.6471
835001 50
836001 47.6471
837001 36.7647
838001 32.9412
839001 31.1765
840001 35.2941
841001 39.1176
842001 27.3529
843001 48.5294
844001 19.1176
845001 28.5294
846001 26.1765
847001 18.8235
848001 29.7059
849001 24.7059
850001 17.6471
851001 21.7647
852001 40
853001 28.5294
854001 33.8235
855001 50
856001 23.2353
857001 41.7647
858001 40
859001 27.0588
860001 38.2353
861001 22.3529
862001 36.7647
863001 21.7647
864001 35
865001 37.3529
866001 45.2941
867001 39.4118
868001 56.4706
869001 34.7059
870001 43.5294
871001 37.3529
872001 35
873001 31.4706
874001 17.6471
875001 46.1765
876001 33.2353
877001 27.0588
878001 50
879001 45.8824
880001 39.4118
881001 35.8824
882001 42.0588
883001 34.1176
884001 37.9412
885001 40.5882
886001 42.6471
887001 37.3529
888001 44.4118
889001 20.5882
890001 17.0588
891001 40
892001 43.2353
893001 21.7647
894001 32.6471
895001 35.8824
896001 50
897001 19.4118
898001 27.0588
899001 49.1176
900001 35
901001 17.3529
902001 25.8824
903001 15.8824
904001 35.2941
905001 41.7647
906001 40.8824
907001 51.1765
908001 22.0588
909001 31.7647
910001 29.4118
911001 26.4706
912001 17.9412
913001 33.5294
914001 17.9412
915001 24.1176
916001 30.2941
917001 25.8824
918001 20.5882
919001 39.7059
920001 38.5294
921001 31.4706
922001 50.8824
923001 25.2941
924001 32.6471
925001 38.8235
926001 41.7647
927001 24.1176
928001 33.2353
929001 25.2941
930001 19.4118
931001 44.4118
932001 33.2353
933001 52.6471
934001 25
935001 40
936001 40.8824
937001 23.2353
938001 33.8235
939001 47.6471
940001 29.1176
941001 55
942001 32.9412
943001 38.8235
944001 32.9412
945001 39.1176
946001 26.7647
947001 30.5882
948001 35.2941
949001 32.0588
950001 38.2353
951001 19.7059
952001 37.0588
953001 36.1765
954001 24.7059
955001 19.4118
956001 18.5294
957001 44.1176
958001 44.4118
959001 42.9412
960001 24.1176
961001 36.4706
962001 34.4118
963001 34.7059
964001 43.2353
965001 44.4118
966001 36.4706
967001 45
968001 35.5882
969001 23.2353
970001 42.9412
971001 36.4706
972001 43.5294
973001 36.4706
974001 50.5882
975001 31.4706
976001 23.8235
977001 37.3529
978001 36.1765
979001 49.7059
980001 37.6471
981001 42.9412
982001 39.1176
983001 26.1765
984001 35
985001 47.6471
986001 46.1765
987001 39.4118
988001 40.5882
989001 45.2941
990001 29.7059
991001 35.2941
992001 55.2941
993001 48.8235
994001 40
995001 22.3529
996001 36.1765
997001 17.6471
998001 23.5294
999001 32.3529
1000001 41.7647
1001001 36.1765
1002001 19.4118
1003001 48.5294
1004001 31.4706
1005001 48.2353
1006001 30.5882
1007001 25.5882
1008001 34.7059
1009001 21.7647
1010001 31.7647
1011001 25.2941
1012001 28.2353
1013001 32.3529
1014001 38.5294
1015001 20.5882
1016001 36.7647
1017001 31.1765
1018001 25.2941
1019001 43.8235
1020001 19.7059
1021001 29.1176
1022001 20.2941
1023001 6.17647
1024001 18.5294
1025001 29.1176
1026001 30.2941
1027001 48.8235
1028001 52.6471
1029001 39.1176
1030001 21.7647
1031001 22.6471
1032001 32.3529
1033001 40.5882
1034001 53.2353
1035001 44.4118
1036001 59.7059
1037001 35.8824
1038001 47.6471
1039001 35.8824
1040001 48.8235
1041001 28.8235
1042001 35.8824
1043001 40.2941
1044001 47.0588
1045001 23.5294
1046001 45.5882
1047001 35
1048001 47.9412
