0.100517
0.0984195
0.101524
0.0977745
0.0989525
0.0966105
0.097839
0.0977755
0.101051
0.100467
0.098136
0.097886
0.097886
0.098949
0.096719
0.096504
0.0983025
0.096566
0.101837
0.0984235
0.098217
0.101852
0.096877
0.101549
0.0970195
0.0964425
0.0985115
0.100941
0.099415
0.103438
0.0974735
0.098075
0.0971595
0.10141
0.0972415
0.0981535
0.0976525
0.101213
0.0996055
0.103266
0.0973215
0.0978975
0.101798
0.0987155
0.097563
0.103859
0.0988425
0.100047
0.099053
0.097529
0.0971545
0.0972205
0.099735
0.09912
0.099631
0.100455
0.0982035
0.0970325
0.0995535
0.0966085
0.097579
0.0984525
0.099123
0.09817
0.0971085
0.0992995
0.097755
0.1007
0.098471
0.0979245
0.0996915
0.0985955
0.099884
0.098829
0.0997175
0.0982265
0.0972335
0.098161
0.0993825
0.0971835
0.0996745
0.097601
0.0963225
0.113692
0.096098
0.097135
0.097808
0.0962625
0.101425
0.099638
0.101393
0.0970425
0.096584
0.102016
0.0985795
0.0988845
0.097608
0.0963705
0.110344
0.097117
