0.10051
0.0975925
0.0966845
0.099205
0.098303
0.097416
0.098859
0.0961015
0.101484
0.098129
0.101214
0.0964875
0.0967345
0.102761
0.104198
0.0972765
0.097443
0.097461
0.099399
0.0984305
0.0969555
0.0974135
0.097222
0.098537
0.0965315
0.0982575
0.0989945
0.0962365
0.098738
0.097173
0.103367
0.0973245
0.0964045
0.100194
0.100911
0.098146
0.0982285
0.0958255
0.097615
0.097734
0.0972185
0.097723
0.0964665
0.102879
0.098014
0.09883
0.098199
0.096505
0.098116
0.0968325
0.0971545
0.0991495
0.0973675
0.110929
0.099043
0.098566
0.097521
0.096856
0.0990635
0.0972435
0.0964505
0.098845
0.096913
0.099699
0.0973715
0.100023
0.0989795
0.0967435
0.0981065
0.09801
0.098553
0.105508
0.104479
0.09969
0.102173
0.0973645
0.0978265
0.0960515
0.0998185
0.0972845
0.107143
0.101517
0.096807
0.098054
0.09667
0.101231
0.097027
0.096448
0.100369
0.097428
0.109894
0.0971845
0.096293
0.100563
0.096489
0.097514
0.097608
0.0997205
0.098872
0.096481
