0.015333
0.006637
0.0065
0.006741
0.006498
0.006727
0.006631
0.006534
0.00667
0.006497
0.006614
0.006543
0.006643
0.006587
0.006616
0.006649
0.006604
0.006547
0.006679
0.006497
0.006624
0.006568
0.006503
0.006629
0.006614
0.006588
0.006677
0.006534
0.006607
0.006504
0.006494
0.006707
0.00649
0.007821
0.008057
0.006892
0.006889
0.006693
0.006929
0.00733
0.006909
0.006837
0.006727
0.008699
0.006681
0.006696
0.006606
0.006788
0.006641
0.006593
0.006598
0.006474
0.006715
0.006743
0.006589
0.007328
0.010684
0.006788
0.006697
0.006922
0.006854
0.006766
0.006564
0.006665
0.006889
0.006642
0.006634
0.006798
0.006607
0.006662
0.006775
0.006613
0.006794
0.006609
0.006674
0.006669
0.006682
0.006782
0.00658
0.006829
0.006669
0.006645
0.006736
0.006753
0.006655
0.006599
0.006703
0.006755
0.006712
0.006649
0.006538
0.006725
0.006715
0.006578
0.006667
0.006544
0.006639
0.006597
0.006725
0.006745
