11934
29
14
9
9
9
8
8
8
23659
46187
171
49
63
31
32
33
16
9
9
8
9
9
8
8
8
8
8
8
9
9
8
9
10
8
8
9
9
9
8
10
8
9
8
8
7
8
278
63
34
26
22
16
9
8
9
8
8
9
9
9
8
8
9
8
8
8
9
9
16
9
9
9
8
10
8
9
8
8
9
8
9
8
9
9
8
9
8
8
8
8
8
8
8
9
9
8
8
7
8
8
9
9
8
8
8
7
8
8
9
9
8
8
8
8
8
8
8
9
16
8
8
7
9
8
8
9
8
8
9
8
7
8
8
10
8
8
9
8
8
8
8
17
8
9
8
8
8
8
8
9
8
7
8
9
8
7
8
9
10
7
8
7
7
8
8
9
15262
38
16
20
11
10
9
8
9
8
12
13
13
11
11
10
11
20147
39
23
21
21
24
22
22
21
22
22
22
21
22
21
17
9
8
8
8
8
8
8
9
12
9
10
10
12
11
11
10
13
12
6278
65
35
39
21
12
13
10
11
11
12
11
13
12
14
12
12
43
14
15
14
13
14
13
14
12
13
12
13
15
23
14
13
13
13
13
12
12
12
10
8
8
8
8
9
9
9
30
11
12
12
9
7
8
9
8
8
8
8
9
8
8
8
8
8
8
8
8
8
23
17
9
11
12
11
8
8
8
21
16
11
10
8
8
9
8
9
9
17
11
8
8
8
8
10
8
8
8
8
9
8
8
9
7
9
9
8
7
8
9
9
30
9
8
9
10
10
15
15
15
10
11
9
9
10
10
11
8
7
10
9
90
38
22
22
23
15
8
10
10
9
9
9
11
9
9
12
9
8
9
14
11
10
10
16
54
24
12
8
10
10
11
10
16
19
19
13
14
12
16
15
12
14
11
12
14
11
14
11
13
11
11
12
12
14
67
29
30
32
32
32
47
27
15
9
8
8
8
8
9
8
8
8
9
8
8
8
7
8
8
9
8
9
8
8
8
19
16
9
8
9
8
9
9
10
7
8
9
8
8
8
8
9
8
8
7
8
8
8
8
15
15
9
7
8
8
8
8
8
8
8
8
8
7
8
8
8
9
8
8
8
8
8
9
9
54681
29
16
9
9
8
8
8
8
8
7
8
8
7
8
8
8
8
12
9
8
8
8
9
9
16
9
9
8
8
8
9
8
9
8
8
9
8
8
8
8
9
8
8
8
7
10
8
8
30
11
10
8
13
12
9
8
8
8
8
8
9
9
8
8
8
8
8
8
8
3816
101748
15
9
9
8
8
8
8
8
9
9
8
8
8
8
9
9
9
16
9
8
8
8
8
8
8
9
9
9
8
8
8
8
9
9
8
8
8
8
8
9
17
9
9
8
8
8
8
9
8
7
9
8
8
8
8
9
8
8
8
8
8
8
9
9
8
15
8
8
8
7
8
8
9
8
7
8
9
8
8
9
7
8
9
7
8
8
8
9
8
16
10
8
8
7
8
9
8
9
8
7
8
8
12
12
12
11
12
13
12
14
13
13
14
12
12
12
12
13
12
13
12
12
15
13
12
73
33
34
23
16
8
7
9
8
8
9
8
9
8
7
8
8
9
9
8
8
8
9
9
15
8
8
8
8
9
8
8
8
8
9
8
8
9
8
8
7
8
9
8
8
8
7
8
8
16
9
8
8
8
8
8
8
8
8
9
8
8
8
8
8
8
9
9
8
8
7
7
8
37
12
9
8
9
16
9
9
8
11
15
19
16
15
13
11
14
13
13
11
65
12
11
12
13
11
19412
17
9
8
8
8
8
9
9
8
9
9
8
9
19
27
8
9
9
8
8
8
10
9
8
8
8
8
8
8
8
10
8
9
7
8
7
14024
13
10
8
8
9
8
9
8
8
10
8
9
8
8
9
7
8
9
8
27
9
8
7
8
8
8
8
8
9
9
7
8
8
9
9
8
8
9
8
9
8
8
15
8
9
8
8
8
9
10
9
8
8
8
9
8
8
8
8
9
8
8
8
8
9
8
18
15
8
8
8
15
8
10
10
8
8
8
8
9
8
12
9
7
10
8
8
7
8
197
375
157
51
39
24
15
14
15
15
24
15
13
14
15
14
13
15
15
14
13
13
13
23
14
14
13
14
26
15
14
14
13
15
15
24
15
14
13
15
23
15
14
13
14
15
14
331
82
56
33
23
14
14
14
13
13
14
13
13
13
13
13
19
25
15
13
13
14
14
14
12
13
15
14
12
13
56
23
22
21
22
22
21
21
21
22
21
21
21
16
8
8
8
8
8
26
15
9
8
8
8
12
12
13
10
8
8
9
8
8
22222
153
79
27
22
22
29
9
8
9
8
8
8
9
9
8
8
9
8
8
8
8
8
8
8
7
8
9
8
8
25
16
9
8
8
10
9
9
8
9
8
8
9
11
9
8
8
9
7
8
8
8
73
22
14
13
26
14
13
15
13
14
16
15
14
13
13
13
11
11
11
11
12
13
13
13
12
11
14
14
16
14
14
13
40205
306
131
59
39
31
24
13
12
16
13
13
13
14
15
16
8328
12
11
11
11
11
11
11
10
10
10
33
11
11
11
10
11
12
11
11
11
10
10
11
11
11
10
10
12
20
11
10
11
12
10
11
10
11
12
10
11
11
11
11
10
10
11
20
12
11
10
10
11
10
10
10
10
11
11
10
11
10
11
11
11
21
10
10
12
10
11
10
10
14
10
11
12
10
12
10
10
10
236
16
12
11
12
12
13
43
22
12
25
22
12
20
13
14
14
12
12
12
22
13
137
56134
95
41
26
22
21
21
22
21
16
9
8
8
8
9
8
8
8
8
8
8
8
9
8
8
8
8
9
8
8
9
8
8
16
8
9
7
9
8
9
7
8
9
7
8
8
7
9
8
8
8
8
9
8
8
8
8
12410
3883
269
61
33
24
11
8
9
8
10
9
10
10
10
11
8
9
8
9
8
8
8
9
8
8
9
9
8
8
8
8
9
16
9
8
8
10
8
7
8
7
8
8
7
8
8
8
8
8
8
8
9
8
8
8
7
23844
122219
115
41
27
22
28
9
10
9
9
8
8
8
9
9
8
9
9
8
8
8
8
8
8
8
8
8
8
7
19
18
8
9
8
8
8
8
8
8
9
8
8
8
10
7
8
8
7
8
8
9
9
8
10
8
8
7
8
8
8
9
8
8
7
8
9
8
8
8
8
9
8
8
8
9
9
8
8
8
150
39
31
29
28
29
28
27
28
28
20
11
11
11
10
10
11
10
11
11
11
11
11
11
11
12
11
21
11
11
12
10
10
10
10
12
11
10
10
12
11
11
11
13
89651
81
50
31
22
22
21
22
22
22
22
21
15
8
9
9
8
8
8
9
9
9
9
8
8
8
8
8
9
7
8
10
8
8
8
17
10
8
8
8
8
9
8
8
9
8
8
11
8
8
8
17
12
9
10
10
11
10
262
60
32
39
17
8
9
8
8
8
8
8
8
8
8
8
8
8
8
8
8
8
7
7
8
8
18
14
8
10
8
8
7
8
9
8
8
8
8
8
7
8
9
7
8
7
7
8
8
8
8
22
9
7
8
8
8
22
9
8
8
8
8
8
8
8
8
8
7
8
8
8
8
8
8
8
8
8
7
8
8
9
17
8
8
8
8
7
8
12
13
10
8
9
8
8
8
8
8
8
7
10
17
213
12158
281
87
46
29
22
32
10
9
8
8
8
8
8
8
8
8
8
8
8
9
8
8
9
9
8
8
8
16
8
8
9
9
9
8
7
8
9
8
8
8
7
9
7
8
8
9
9
8
8
8
8
8245
95169
208
70
39
27
17
9
8
8
8
9
9
9
9
8
8
9
8
8
8
9
9
9
8
8
8
8
8
211
71
36
26
22
22
22
22
22
18
9
8
8
8
8
8
8
8
8
9
8
8
9
8
8
10
8
8
8
8
9
8
167973
8117
78
70
22
22
21
22
22
22
22
21
21
13
9
8
11
28065
322
41801
104
50
29
24
22
16
8
9
8
8
8
8
8
8
8
8
8
8
8
8
8
9
9
8
8
8
9
8
8
16
9
9
9
8
8
8
9
9
9
9
8
8
8
8
8
7
9
8
8
8
8
8
8
15
9
8
8
8
8
7
8
9
9
9
8
8
9
8
8
8
9
8
8
8
7
9
8
98222
32
22
23
21
21
30
9
9
8
8
8
8
8
8
8
8
8
8
8
8
8
8
9
8
8
7
8
8
8
15
16
10
8
8
8
8
9
8
8
8
9
9
8
8
9
9
11
8
8
8
8
9
8
8
16
8
8
8
7
8
7
9
9
7
8
8
8
8
8
8
9
8
8
7
8
8
9
8
34197
35
16
8
9
8
8
9
8
8
8
8
8
8
8
7
8
8
7
8
8
8
8
8
8
8
16
8
8
9
8
9
8
8
8
8
8
8
8
8
8
9
8
8
8
8
9
8
8
8
16
9
8
8
10
8
9
8
8
8
8
8
9
8
8
8
8
8
8
8
9
9
8
19
8
9
9
8
8
7
8
8
7
8
7
8
9
8
8
9
8
8
7
8
9
7
8
8
539
25873
140
39
27
22
16
9
9
8
8
8
8
8
9
9
8
8
8
8
8
8
8
8
8
8
8
8
8
8
21
16
10
8
8
8
9
9
8
8
9
8
9
7
8
8
9
10
8
8
8
7
8
17
9
9
9
9
8
8
8
8
8
9
8
8
8
9
8
8
8
8
9
13922
64
33
24
22
22
22
19
9
9
8
9
8
8
8
8
8
7
8
8
8
8
8
8
8
7
9
8
8
8
9
10
17
8
8
8
9
8
8
8
8
8
8
8
8
8
10
8
8
7
8
9
8
8
14
15
9
8
7
8
8
9
9
8
7
8
8
8
7
8
8
9
7
8
8
10
8
8
135525
22
9
8
9
9
8
9
9
8
9
9
9
8
9
8
8
8
33609
156
67
34
26
22
22
22
21
21
21
16
9
8
8
8
8
8
8
8
8
8
8
8
8
8
9
9
8
8
9
9
8
8
21
15
8
9
8
9
8
8
9
8
7
8
7
9
8
8
8
7
8
8
8
9
7
9
9
7
8
8
9
9
8
8
8
8
8
8
8
9
8
8
8
8
9
8
8
8
8
8
8
8
50755
87
42
27
22
21
21
21
21
21
22
17
8
8
8
8
9
8
8
9
9
8
8
8
8
8
9
8
8
8
8
10
8
8
3663
43521
15693
69
33
17464
21
9
15
22
9
9
8
9
9
8
9
8
9
8
8
8
8
8
8
9
8
8
8
8
8
8
16
9
8
9
9
8
9
8
8
9
8
9
8
8
9
8
8
9
8
9
8
8
8
9
16
13
8
9
7
9
8
7
7
8
9
8
8
8
7
8
8
8
8
8
8
8
8
109
17
8
8
9
8
7
9
8
8
8
9
10
8
8
9
8
9
8
8
9
8
8
8
16
8
8
9
9
7
8
8
8
7
8
8
8
9
8
8
8
8
8
10
13
12
3624
26
9
8
9
9
9
8
8
17
18
11
9
9
9
9
11
9
8
8
9
9
8
8
9
8
8
8
9
8
8
9
39101
61
36
25
22
22
24
26
22
21
21
21
21
7819
43997
115972
30
22
35
23
21
23
28
26
8
9
8
16
9
8
8
8
8
8
8
8
8
8
8
8
8
8
9
8
16
8
8
8
9
9
8
8
8
8
10
8
8
9
8
16
8
8
9
8
8
8
8
8
46467
128
52
26
21
22
21
23
22
22
15
9
8
8
8
8
8
8
8
8
8
8
8
8
8
8
7
8
8
8
8
8
9
9
16
8
9
8
8
8
7
8
9
8
8
10
8
9
8
8
8
8
9
9
8
7
8
8
7472
8095
159
60
35
22
22
22
22
22
22
21
22
22
22
21
21
21
22
22
22
43325
62
12
9
9
12
12
10
8
8
8
8
8
18
8
9
8
8
8
8
8
8
8
8
8
8
9
7
8
8
9
9
8
8
8
8
10
46
22
22
22
23
21
21
25
21
397
23
9
9
8
8
9
8
8
8
8
8
8
8
8
8
8
9
9
9
8
8
17
9
8
8
8
8
8
8
9
9
8
8
8
9
9
8
8
8
9
8
8
10
8
9
22
9
8
7
9
8
8
7
8
11
8
8
8
8
8
8
8
8
8
9
7
9
8
8
56
27
18
9
8
9
8
8
8
8
8
8
8
8
8
8
8
8
8
8
8
8
8
8
8
16
8
9
9
8
8
9
9
8
9
8
8
10
8
9
8
8
9
9
8
9
8
8
8
51995
58463
109
38
26
21
22
21
21
17
8
9
8
8
8
8
8
8
8
8
8
8
8
9
8
8
8
9
9
8
8
9
18
11
8
8
8
9
9
9
9
8
8
9
9
8
8
8
10
8
8
9
8
9
8
217
51
33
25
22
23
21
22
22
22
21
22
21
21
81
10
9
8
8
8
8
8
8
8
8
8
8
8
8
7
10
9
9
8
8
8
17
8
8
9
8
9
8
9
8
8
10
8
8
8
7
8
8
8
9
8
8
8
16
8
7
9
8
8
8
8
8
8
7
8
8
9
7
8
8
9
8
8
8
8
8
9
15
9
8
8
9
9
8
9
7
8
8
8
8
8
9
8
8
8
8
9
8
7
8
8
27777
19791
27842
47
23
22
23
22
16
9
8
8
8
8
8
8
8
8
8
8
8
7
8
9
9
9
8
8
8
8
8
8
31908
46
34375
94
67
26
21
21
21
25
15
8
9
8
9
9
8
8
8
8
8
8
7
8
8
7
7
8
9
8
8
8
8
10
16
9
7
8
8
8
10
7
8
8
8
8
8
7
10
8
8
7
8
9
7
8
9
8
16
8
8
8
8
9
9
8
8
8
9
7
8
8
9
9
8
8
7
8
8
8
9
7
8
8
8
8
8
8
9
8
7
8
8
8
7
8
8
7
8
8
8
8
7
9
8
8
7
8
15668
154
42
27
21
23
30181
84
36
17
8
8
8
9
9
9
8
10
8
9
23
15
9
9
8
8
8
9
8
16
8
9
10
8
8
8
8
8
9
8
8
8
8
8
8
8
8
9
7
8
8
8
10
16
8
8
8
8
8
8
9
8
8
8
8
7
7
9
9
8
50
17
11
8
9
8
9
8
9
8
8
8
9
11
10
8
8
8
8
16
8
9
8
8
8
8
8
8
8
9
8
14
8
8
8
8
9
7
8
8
8
9
9
15
9
8
11
8
8
8
8
9
8
8
9
8
9
8
8
8
7
8
8
8
8
8
10
8
8
9
8
8
7
8
8
9
9
8
8
8
9
9
9
7
8
8
10
7
8
9
7
54416
59
34
25
22
21
21
22
16
9
8
8
8
9
9
8
8
8
9
8
8
9
8
8
8
9
9
9
8
8
8
9
17787
105
39
26
22
22
20
22
30
16
8
9
9
9
9
8
8
9
8
8
8
9
8
8
8
8
9
8
9
9
8
9
39
14
12
11
12
10
13
10
11
22
12
10
9
8
10
8
8
8
8
9
9
8
9
8
9
11
10
28849
24
9
9
8
9
8
17
9
8
8
8
8
8
8
8
8
9
8
8
8
9
8
8
8
8
8
8
8
8
17
10
9
8
9
8
9
9
8
8
7
9
9
8
8
8
10
8
8
8
7
8
8
8
24
8
9
8
8
8
8
9
9
8
8
8
9
8
8
8
10
9
8
8
8
9
8
8
9
8
8
8
8
8
8
8
9
9
8
9
7
8
7
8
9
8
9
8
7
7
8
9
9
8
16
8
8
7
8
8
8
10
8
7
8
8
8
8
9
8
8
10
8
8
7
8
9
11776
53
24
22
23
23
23
23
22
16
10
9
8
8
8
8
8
8
8
8
8
8
8
9
8
8
10
9
13659
54
32
28
18
8
8
8
9
8
9
8
8
8
8
9
8
9
8
8
15
12
18
11
8
9
11
12
11
14
9
15
8
8
8
8
8
8
10
8
13
9
16
8
8
8
14
9
8
9
8
9
8
9
10
9
8
8
8
8
9
10
10
9
9
19
11
9
9
8
9
10
8
8
8
8
9
8
10
8
8
9
7
8
8
8
9
8
51
26
21
22
21
21
22
21
30
10
9
8
9
9
9
9
8
9
8
8
9
8
9
8
9
8
8
8
8
34
10
8
9
8
9
297
26
21
11
10
9
9
11
10
10
10
9
10
9
10
9
11
10
10
10
30
9
8
8
9
8
7
9
8
8
8
8
9
237
77
37
36
24
21
21
22
40
21
10
12
12
23
13
12
14
12
12
11
8
8
8
8
9
8
8
8
8
9
7
8
9
16
9
8
8
8
8
9
8
8
8
8
8
7
8
8
8
9
8
8
8
8
8
7
8
7798
147205
36
22
21
21
22
22
16
13
9
9
9
9
8
9
9
8
8
8
9
9
8
8
9
9
8
8
8
8
8
16673
158
71
29
22
24
15
8
8
8
8
8
8
8
8
8
22
10
8
8
8
7
8
8
8
8
8
8
9
7
8
8
8
9
8
7
8
9
9
15
10
8
9
12
9
8
8
7
9
10
8
8
8
9
11
9
9
8
9
9
8
8
8
9
9
8
8
8
9
8
8
8
9
9
8
8
8
8
8
21
17
8
8
9
7
8
8
8
9
8
8
8
8
9
8
8
8
8
9
8
8
8
556
35
10
8
8
9
8
8
9
8
7
8
9
8
8
8
16
9
8
8
8
8
8
8
24
9
9
8
8
8
8
8
9
8
8
8
8
8
8
8
8
8
8
7
8
8
8
10
16
15
8
8
8
8
8
8
8
8
8
8
7
8
8
9
17
8
8
8
8
8
17
16
8
8
8
11
14
9
8
8
7
7
8
8
8
8
8
9
7
8
8
8
3150
294
47574
127
57
31
24
35816
28
36
15
9
9
8
8
8
9
8
8
8
8
8
8
8
8
8
9
8
8
8
8
51338
148
54
33
24
34
15
16
9
8
8
8
8
8
8
8
8
8
8
8
8
8
8
8
9
8
8
8
8
8
9
9
8
8
8
8
8
8
8
9
8
8
8
8
8
10
8
8
8
8
9
8
9
8
8
9
66
29
23
27
16
8
8
9
9
9
9
8
8
9
9
8
9
16
9
8
8
8
9
8
8
9
8
8
8
8
8
8
9
8
8
9
8
8
19
15
17
9
8
8
17
9
8
8
8
8
9
9
8
10
8
8
3975
7800
83610
49
22
21
21
22
16998
115
36
39
16
8
8
9
9
8
8
9
9
8
9
9
8
8
9
8
9
8
8
8
8
8
8
110
9
9
10
9
8
8
8
8
9
9
8
184
18
9
9
8
8
8
8
11
9
8
8
8
8
8
8
9
8
9
8
8
8
9
8
16
8
8
8
9
8
8
8
9
8
8
7
8
9
8
9
8
8
9
29
14
9
8
8
10
8
9
8
13967
206
9
9
8
8
8
108
18
8
9
8
8
9
8
8
8
8
17
8
8
8
8
7
8
8
8
8
8
7
8
9
8
8
7
8
9
8
8
8
8
9
16
9
8
8
10
8
8
8
8
8
8
8
8
8
9
8
8
8
7
8
9
16
8
17
9
8
8
7
9
8
8
8
8
8
9
8
8
8
7
9
7
8
8
8
9
8
8
655
11092
125
78
26
22
21
22
22
21
21
21
22
21
22
22
21
22
21
106
47
37
26
22
21
21
21
21
21
22
22
24
21
22
21
21
21
21
22
21
21
21
21
21
21
23
21
21
3977
4011
134
59
33
24
22
16
15
8
9
8
9
8
9
8
8
8
8
8
8
8
8
8
9
8
8
8
8
8
8
7
16
9
8
9
12
12
13
10
10
8
8
9
283
9
8
9
9
7
8
7
8
8
8
8
8
8
9
7
8
8
7
10
8
145
45
28
32
20
12
154
48
44
23
22
22
140
11
9
9
8
9
8
9
9
8
9
9
8
8
8
9
9
97
15
8
10
9
8
8
9
9
8
8
8
8
8
8
8
8
8
8
8
8
8
7
10
47224
91
55
26
22
23
21
21
3772
3829
464
44
23
22
22
21
22
22
21
21
21
44
9
8
9
16
8
8
8
9
8
8
8
9
8
8
8
9
9
8
8
9
9
8
8
8
8
9
8
18
9
8
9
9
8
7
8
10
8
7
8
8
8
8
8
8
8
9
8
8
8
7
9
16
8
8
8
9
8
8
8
9
9
7
8
8
9
8
8
9
8
8
9
8
8
8
8
16
8
8
9
7
9
8
8
8
7
8
7
8
8
8
8
8
7
7
8
8
8
8
8
8
10
8
7
7
8
8
7
8
8
8
10
8
7
8
8
9
8
8
8
8
8
7
8
9
7
8
9
8
7
8
9
8
7
7
7
8
9
7
7
8
8
8
9
7
7
8
8
9
8
7
8
8
37616
24
22
22
17
8
8
8
8
8
8
8
8
8
8
8
9
9
9
8
8
8
8
8
8
8
8
104
16
8
9
10
8
7
8
8
9
8
8
8
7
9
8
8
8
8
10
8
8
7
8
33838
90
40
21
22
22
16
9
38
12
9
9
8
8
8
8
8
8
9
8
8
8
8
8
9
9
8
8
8
15
9
9
9
9
8
8
8
9
8
8
8
8
8
8
8
8
8
10
7
8
8
8
8
17
8
9
8
9
8
7
8
8
9
8
8
7
8
9
8
8
8
8
9
8
8
7
9
16
28
9
8
8
9
8
8
7
8
9
8
7
9
8
9
8
8
8
8
8
8
8
41871
265
63
28
22
22
21
22
22
21
21
21
21
21
21
21
22
24
21
21
21
21
21
21
22
16
8
8
8
8
8
8
10
8
7
8
9
9
8
8
7
10
9
8
8
9
18528
90
33
24
21
21
21
20
24
22
22
22
20
21
21
21
21
21
22
21
21
21
22
19654
97
78865
57
27
22
23
21
21
21
21
21
22
21
21
22
21
21
21
21
21
22
22
3814
541
28079
41
22
23
22
21
21
22
16
8
9
8
8
8
8
9
9
8
9
8
8
9
8
8
8
8
8
9
8
8
8
9
11915
38056
204
67
37
25
21
20
21
20
16
8
8
8
8
7
8
7
8
8
7
8
8
8
7
8
8
8
7
7
8
7
8
9
8
14
8
7
8
8
9
8
8
8
8
8
7
8
8
8
7
7
8
8
8
8
8
7
8
35
15
15
8
9
8
8
8
8
8
8
8
8
8
8
8
8
8
9
9
7
9
51117
116
65
33
23141
313
102
52
30
59921
18
8
10
8
8
8
4276
13589
99
40
26
36
17
20
16
9
9
8
9
8
9
8
9
8
9
8
8
8
8
8
8
8
17
9
9
18
15
9
9
9
8
9
8
9
10
9
9
9
9
9
8
8
8
8
18
8
9
8
15
9
8
7
9
8
8
8
8
8
8
10
9
8
8
7
9
8
8
8
18
19
15
8
8
9
9
8
9
8
9
9
8
7
8
9
10
9
8
9
8
8
8
8
66364
100
38
27
22
21
22
26
16
8
8
8
8
8
8
9
8
8
8
8
8
8
8
8
8
8
8
8
8
8
9
24
17
8
8
8
8
9
8
8
8
8
9
8
8
8
8
10
8
8
8
8
8
8
44
21
20
21
21
20
20
21
22
8
8
7
8
7
9
8
7
8
8
7
8
8
8
8
8
8
7
8
8
7
8
16
23
8
8
9
8
7
8
7
9
8
7
7
8
8
8
7
7
7
8
8
8
8
8
8
15
59563
35
22
21
23
21
21
17
9
9
8
8
9
9
9
8
9
8
9
7
8
8
9
8
8
8
8
9
9
9
9
754
744
27
9
8
9
10
8
17
10
8
8
9
9
8
8
8
16
8
9
9
8
9
8
9
8
9
9
8
25
9
8
10
8
9
8
10
9
17
10
8
8
10
8
8
9
9
9
8
8
9
8
8
16
8
9
8
8
8
9
16
8
9
9
8
7
9
9
8
8
8
9
9
8
8
9
10
9
36
11
8
9
20
9
8
8
8
10
8
8
9
8
9
8
8
9
8
8
8
8
7
22
16
9
9
7
8
8
8
8
8
9
10
8
8
8
8
8
8
9
8
8
10
8
8
42473
30
22
21
22
22
26
16
8
8
8
8
9
8
8
7
8
8
8
8
8
7
8
8
8
7
8
8
15
8
8
10
9
8
8
8
8
8
9
9
8
9
8
8
8
8
10
9
8
7
8
16
8
8
9
7
8
8
8
7
8
8
9
8
8
8
9
8
7
8
8
8
8
8
8
3031
4065
42734
13
9
9
9
8
8
9
9
8
8
8
9
10
9
8
8
8
8
8
9
8
8
8
8
8
8
8
8
9
9
9
8
8
8
8
8
8
19
16
8
9
8
8
8
8
10
8
8
8
9
8
8
8
8
8
9
8
8
8
3640
21974
295
66
50
28
25
29
17
9
8
8
8
9
8
9
8
8
8
8
8
8
8
8
8
8
8
8
8
8
8
9
17
9
8
7
8
9
8
8
9
8
9
9
8
8
8
10
7
8
8
8
8
8
7
18
16
9
8
8
8
7
9
8
8
8
8
9
8
8
8
8
9
8
8
8
9
8
4203
19
11
10
8
8
8
9
8
9
8
8
8
9
8
8
8
8
8
13
15
8
8
7
8
8
7
8
7
8
8
8
9
8
8
8
9
9
7
8
8
7
8
8
9
8
8
10
8
8
8
8
9
8
8
8
7
8
7
8
8
8
9
9
8
8
8
8
7
7
17
9
8
9
8
7
9
9
8
9
7
8
9
7
8
8
9
9
8
7
9
8
9
16
8
9
8
8
8
8
8
7
8
9
8
8
8
8
7
8
8
8
9
7
8
7
7
8
3682
41733
143
63
34
30
22
22
21
22
21
21
21
15
9
8
9
8
8
8
8
8
8
8
8
8
8
8
8
8
8
8
8
10
8
8
8
16
9
8
8
8
8
9
8
8
8
8
10
8
8
8
8
9
7
8
9
8
8
8
8
15
8
8
9
8
8
8
8
8
8
8
9
9
7
8
8
9
9
8
9
7
8
9
8
37311
167
60
36
24
16
9
9
9
8
8
8
9
8
8
9
9
8
8
8
8
8
8
8
9
8
8
8
8
16
9
10
8
8
8
9
8
10
8
8
7
10
8
7
8
9
10
9
9
8
8
9
24
8
9
8
8
8
8
8
8
8
9
9
8
8
8
8
8
9
9
8
8
8
7
9
14
15
9
7
8
9
9
8
7
8
9
8
8
9
8
9
8
8
8
7
8
8
8
8
8
79
27
23
21
22
29
28
22
22
21
22
21
22
21
22
22
16
8
8
8
8
8
8
8
8
8
8
8
8
8
12
11
8
8
8
8
9
8
8
16
9
9
9
8
8
8
9
9
8
8
12
10
9
10
12
10
11
11
11
28
11
11
11
10
10
10
11
11
11
11
12
11
11
13
11
11
9
81
58
18
8
9
9
8
8
8
8
8
8
8
8
16
8
8
9
8
8
9
11
9
8
8
8
8
10
10
9
10
10
9
10
11
12
10
13
14
14
17
23769
30
21
16
11
8
8
8
8
8
8
8
9
7
9
7
8
8
8
9
8
8
7
8
8
8
46216
46
25
21
23
22
21
22
22
20
21
21
21
21
23
22
22
22
22
21
21
21
21
21
22
22
3760
3934
4086
40552
30
14
15
22
12
12
11
12
11
12
10
10
11
11
11
13
14
13
14
23
13
13
13
13
13
15
12
13
13
13
14
13
13
22
13
13
13
14
13
12
14
13
13
12
13
15
13
21
13
12
13
13
13
13
12
13
12
12
13
13
13
15
14
12
13
14
13
14
13
14
13
13
13
12
14
16
22
14
13
18
14
13
13
11
22
14
10
10
13
12
13
14
11
12
12
14
12
11
10
13
14473
63
16
11
12
10
8
8
8
8
9
8
8
9
8
18
16
9
8
8
8
8
9
9
8
9
8
8
9
8
8
8
9
8
16
8
8
9
16
9
8
9
9
8
8
8
8
10
8
8
7
8
9
8
7
8
8
8
8
8
8
8
17
9
8
8
8
9
8
9
8
8
9
8
8
8
9
9
8
8
9
8
9
16
8
3352
163
59
34
22
21
21
21
22
22
22
22
21
21
22
22
21
24
28
24
21
3886
353
501
38281
42
48
22
22
22
21
23
22
21
21
15
9
8
8
8
8
8
8
8
8
8
8
8
8
9
8
8
8
8
9
8
8
8
9
10
8
9
9
8
9
8
8
8
8
9
8
8
8
7
9
7
8
8
7
8
8
8
7
8
9
17
8
8
8
8
8
7
8
8
9
8
8
8
8
9
8
8
8
8
9
7
8
8
7
66
36
22
16
10
8
8
9
8
16
8
9
8
9
9
8
8
8
8
8
8
9
8
8
8
8
8
8
9
8
8
9
8
10
7
9
9
8
8
8
8
8
9
25
9
8
10
8
8
8
8
89
17
9
8
8
8
8
8
8
8
8
9
8
8
9
9
8
8
8
8
9
8
9
8
8
8
9
9
8
9
9
8
8
8
8
10
8
8
9
8
9
8
8
9
7
8
8
8
8
8
9
9
19347
19
9
9
9
8
8
8
8
8
8
8
8
9
8
8
9
8
8
8
8
8
8
15
30
9
9
9
10
7
8
9
9
8
8
8
9
8
8
7
8
9
9
8
8
7
54862
22
9
8
16
9
9
9
9
8
8
8
8
8
9
9
8
9
8
8
9
8
9
9
8
8
9
9
11
11
9
8
9
8
8
8
9
9
8
8
8
8
8
9
8
8
8
10
8
7
8
8
9
49
24
22
26
26
16
8
8
8
8
8
9
8
7
8
9
7
8
8
8
9
8
8
8
9
8
8
9
8
5917
23
22
23
22
21
21
9
8
9
8
8
9
8
8
8
8
8
8
8
9
8
9
8
8
8
8
9
9
16
9
8
8
8
9
8
8
8
8
8
9
8
8
9
8
9
8
8
8
8
9
8
8
16
8
9
8
8
8
8
9
11
8
8
8
8
8
8
12
13
13
9
9
8
11
22
11
14
9
8
9
8
8
8
8
10
8
8
9
8
9
8
8
9
7
9
12
8
7
11
10
12
13
12
13
11
10
12
11
13
13
10
10
10
49626
91
43
46
16
8
8
8
8
8
8
8
8
8
8
8
8
7
8
8
8
9
8
8
7
8
15
9
8
8
8
9
7
8
8
8
8
7
8
7
7
8
8
7
8
7
9
8
7
7
10
9
7
8
8
8
8
8
8
8
8
9
9
8
7
8
8
8
7
7
8
8
8
8
8
8
624
167
62
32
32
9
8
9
9
8
8
8
8
8
8
8
15
29
10
9
9
9
8
8
8
9
8
9
8
8
22
13
12
10
8
9
7
8
8
8
8
8
11
11
8
8
8
9
8
9
7
22
19
34
26
10
12
13
15
11
11
9
14
13
24
8
8
8
8
8
8
8
8
8
8
8
7
8
10
8
8
8
8
17
15
8
9
8
8
9
9
7
9
8
9
8
8
8
8
8
8
8
9
9
8
8
9
11
247
23392
136
9
9
28
28
9
9
9
8
8
9
8
8
8
8
8
8
8
8
9
9
8
8
8
8
8
8
16
9
10
8
8
9
9
9
8
8
8
9
9
8
9
10
12
12
8
8
8
7
8
25254
22
15
17
46
5670
165
178
46
31
22
21
22
21
21
21
22
22
21
22
21
22
22
22
22
22
22
22
11222
31
20
21
16
8
8
8
8
8
8
8
8
8
8
7
8
8
8
8
9
9
8
8
8
9
8
8
22
9
8
8
8
8
7
9
8
9
8
8
14
11
12
12
11
14
8
8
8
222
79
58
24
16
12
15
51
19174
129
47
40
24
29
21
17
9
8
10
15
16
13
13
11
13
10
12
14
13
11
12
16
13
13
12
11
11
12
9
10
9
9
8
8
9
9
8
8
8
8
8
8
8
13932
98
50
29
22
21
21
21
21
21
21
21
27
17
9
8
7
8
11
12
13
9
8
8
8
8
20919
23
9
9
9
8
8
8
8
9
8
8
8
8
8
7
8
8
8
8
8
8
8
8
8
9
9
8
8
9
10
8
8
8
8
17
9
10
8
8
9
8
8
8
8
9
8
8
8
8
8
8
7
9
8
8
7
8
8
16
9
9
9
8
8
9
8
8
8
9
9
8
8
8
9
8
8
9
8
8
9
9
8
16
8
9
8
8
9
8
9
7
8
9
7
8
8
7
8
8
9
8
7
8
8
8
8
15
8
8
10
7
8
8
8
8
8
9
8
7
9
8
8
8
8
9
8
7
8
8
8
18792
93
29
13
10
10
8
9
8
8
8
8
8
8
8
9
8
9
8
16
8
9
8
9
12
11
11
11
12
11
12
11
8
8
7
8
8
8
8
3859
130
22281
189
69
64
22
12
11
11
12
11
12
10
10
10
11
11
11
10
21
12
12
12
12
11
11
11
11
12
11
11
13
12
12
20
20
11
13
10
13
12
11
13
12
12
12
13
14
197
59
41
33
33
24
14
14
13
14
14
13
12
13
15
14
13
13
13
76
184
46
28
21
16
11
11
11
11
12
12
12
12
13
12
10
13
11
13
11
13
18
10
12
15
15
17
12
13
12
13
14
11
11
10
10
38
22
10
11
16
9
8
8
9
8
10
8
8
8
8
8
7
8
9
8
87600
29
22
22
3314
70247
190
48
31
24
22
21
22
21
22
21
21
21
22
21
21
21
22
22
15
8
8
9
9
9
8
8
8
9
8
9
9
8
8
8
8
9
8
8
8
8
9
9
518
3851
499
32278
34166
28
22
17
8
9
9
8
8
8
8
9
8
8
8
9
24
16
8
8
8
8
8
8
8
10
24
9
8
8
8
8
10
8
8
9
9
9
8
9
8
8
8
8
8
8
8
10
8
19
9
8
8
7
8
9
8
9
8
7
8
8
8
9
8
8
8
8
8
7
8
9
9
8
16335
6174
25
21
21
22
22
21
21
21
21
16
8
8
9
8
7
8
8
9
8
8
8
8
8
7
8
8
8
8
8
8
9
8
8
16
9
9
8
8
8
8
9
8
8
8
8
10
7
7
8
7
9
8
8
9
8
9
8
9
7
8
9
9
8
8
8
8
8
8
8
9
9
8
8
8
9
8
8
9
8
7
8
8
8
22296
20
9
8
9
8
8
29
9
8
8
8
8
8
8
8
8
8
9
8
8
8
8
8
8
7
8
8
8
8
8
22
15
8
7
8
9
8
8
8
8
8
8
8
8
8
9
8
8
7
8
8
8
7
15
15
18
9
8
8
8
8
9
8
8
8
8
8
8
8
9
9
3888
30377
154
50
29
34
15
8
10
8
9
9
8
8
9
8
8
8
8
8
8
9
9
9
8
8
8
8
8
16
9
8
9
8
8
8
8
9
9
8
8
8
16
9
8
8
7
10
9
8
8
16
16
8
8
9
8
9
7
8
8
8
9
8
8
8
8
8
8
8
8
8
8
7
8
8
343
74
41
27
22
21
21
21
25
9
8
8
8
8
8
8
8
8
9
8
8
8
9
8
8
8
16
8
8
8
8
17
8
8
8
8
8
8
8
8
8
9
8
8
8
8
10
8
8
8
8
9
7
8
9
23
9
8
8
8
7
8
9
9
7
8
8
8
8
8
9
282
18582
28
23
16
9
8
8
9
8
9
8
8
7
8
8
8
8
8
8
8
8
8
8
8
8
8
8
15
9
8
9
10
8
8
8
8
16
8
7
8
8
9
8
8
8
8
9
8
8
23
8
9
8
8
8
8
8
7
8
8
8
8
9
8
8
8
8
8
9
9
9
9
8
38741
16
9
9
9
9
8
11
8
8
8
8
9
9
9
8
8
9
9
10
8
8
9
8
8
8
8
8
8
7
8
9
8
8
8
8
9
8
8
8
8
8
8
8
8
16
20
9
8
8
8
8
8
8
9
8
8
16
9
8
7
9
479
38488
17
9
9
8
9
8
8
16
9
9
8
8
8
8
8
8
9
9
8
8
8
16
9
8
8
8
8
7
8
8
9
9
8
8
8
8
8
8
8
8
8
9
9
9
8
16
10
8
8
8
8
9
8
8
8
8
9
8
8
8
7
8
9
8
728
42210
61
29
21
22
21
21
22
22
21
21
21
16
9
8
8
8
9
8
8
7
8
8
8
8
7
8
8
8
8
8
9
8
8
8
7
17
8
8
9
8
9
8
9
8
7
10
8
8
8
8
8
8
8
8
8
8
8
7
7
8
537
21453
79
32
24
22
22
28
17
9
16
8
8
8
9
9
9
9
9
116
16
9
9
63
16
9
8
8
8
7
9
9
10
8
8
8
8
9
9
8
8
8
9
8
8
11
8
9
8
8
7
8
9
8
8
9
8
8
8
8
8
8
9
8
7
8
7
8
8
8
8
16
9
8
8
8
9
8
8
9
8
8
8
8
7
7
76
4051
37972
96
39
28
22
15
9
9
9
8
9
8
8
8
9
8
8
8
9
9
8
8
9
9
8
8
8
8
8
15
16
10
19
15
8
8
9
8
8
8
8
8
8
8
8
8
10
8
8
8
7
17
9
8
9
8
9
8
8
8
8
9
9
8
8
9
11901
124
53
57
24
20
8
9
9
9
9
8
8
8
8
8
8
8
8
8
8
9
8
8
9
9
8
8
8
16
8
8
8
9
9
8
8
8
8
9
7
8
8
8
9
8
8
9
8
10
8
8
8
8
3806
58976
37
27
15
9
9
9
8
8
9
8
9
9
8
8
8
8
9
9
8
8
8
8
8
8
8
8
16
9
8
8
8
8
9
8
10
8
9
8
8
8
9
9
9
8
10
8
8
8
7
4378
143286
17
9
8
9
8
8
8
8
8
8
8
8
9
8
8
18
15
8
8
8
8
8
8
8
7
8
8
9
8
9
9
9
8
8
8
9
8
3694
38554
28
23
32
16
8
9
9
8
8
8
8
8
8
8
9
8
8
8
8
8
8
8
8
8
8
9
10
8
9
9
10
8
8
8
8
8
8
9
8
8
8
8
8
7
15
10
8
8
8
18
16
9
9
9
8
9
8
8
8
8
8
9
8
8
83075
64
28
21
23
22
21
22
22
21
16
9
8
8
9
9
9
9
8
8
8
8
8
8
8
8
8
8
8
8
9
9
8
8
42426
34
22
22
22
22
17
9
8
8
8
8
8
8
8
8
8
9
9
8
8
8
9
8
8
8
8
8
8
9
17
8
8
9
8
9
9
8
9
8
8
8
8
7
9
9
7
8
8
8
8
8
9
8
16
9
8
8
8
7
9
8
8
8
8
9
8
13
9
7
8
8
8
8
8
9
9
8
16307
26559
14
9
9
9
16
8
9
8
8
9
9
9
8
8
8
9
9
8
8
8
8
8
15
8
8
8
8
8
8
9
9
8
8
9
9
9
8
8
9
8
9
8
9
8
8
100
15
8
7
8
9
8
15
9
7
9
8
8
8
7
9
9
8
8
9
9
7
8
24
11
9
9
8
8
9
9
8
9
8
8
9
8
16
9
9
10
8
8
9
8
9
8
7
8
8
9
8
7
7
8
8
9
8
7
8
9
25
15
8
8
10
8
7
7
7
8
8
9
8
8
10
8
8
8
8
9
8
8
8
104
16
7
8
9
7
8
8
8
7
8
9
8
8
7
8
8
9
7
8
8
9
8
9
8
23
10
9
9
8
8
9
7
8
7
8
9
7
8
8
7
9
8
14
16
8
8
8
8
8
8
8
9
9
8
9
8
8
8
8
8
8
7
8
7
7
8
8
5462
14
9
8
9
8
8
8
8
9
8
8
7
8
15
8
9
9
9
8
8
8
8
8
8
8
8
8
8
8
9
8
8
8
8
9
8
8
16
8
9
8
9
8
8
9
8
8
8
8
9
7
8
9
8
8
8
8
8
7
8
9
15
9
9
9
7
8
8
8
9
8
8
8
8
9
8
8
8
8
8
7
8
8
8
16
8
3731
132
53
31
39
16
9
8
8
8
8
8
7
9
9
8
8
8
62255
65
11
8
9
8
9
8
8
9
8
9
9
8
9
8
8
9
8
9
9
9
8
1
0
0
22
59
9
14
8
27
9
8
7
8
10
8
8
7
8
8
9
8
8
10
8
10
7
8
8
8
8
7
44
9
8
9
8
8
8
8
9
9
9
7
8
9
7
8
8
9
9
8
7
7
8
8
18487
98
45
33
28
28
22
22
22
21
21
21
21
20
23
16
9
8
8
8
8
8
8
8
8
9
8
8
8
8
8
9
8
8
8
8
8
20
15
7
8
8
8
8
8
9
10
8
8
9
8
8
7
8
9
7
8
8
7
8
8
11852
286
79
38
26
21
17
9
8
9
8
8
8
8
8
8
8
8
8
8
8
8
8
9
8
8
8
8
8
8
15
27
16
9
9
8
8
8
9
9
8
8
9
9
8
8
8
8
9
8
8
8
4010
12616
268
61
34
24
19
10
9
10
8
8
8
8
9
8
8
8
8
8
8
8
8
8
8
8
8
7
8
38936
27
21
23
21
21
21
22
21
23
22
21
21
259
74
31
25
21
22
23
23
21
21
21
10
9
8
8
8
9
9
8
8
8
8
9
8
8
8
8
9
8
8
8
8
9
8
16
8
8
9
8
9
8
8
9
8
8
8
8
9
7
8
8
8
8
8
7
9
8
8
15
15
8
8
9
8
8
8
8
8
8
7
8
9
9
8
8
8
9
8
8
9
8
8
9
15
9
7
8
9
10
8
8
8
8
8
8
8
7
8
8
8
7
8
8
9
8
68462
24
8
9
9
8
9
8
9
9
8
8
9
8
8
8
8
8
9
8
8
8
9
8
8
8
9
8
8
8
8
9
8
8
8
8
8
8
9
8
8
9
8
8
8
10
9
8
15
8
8
9
8
8
8
8
9
8
8
8
7
10
8
7
7
8
9
8
8
9
8
26
9
8
8
9
9
9
8
8
8
9
8
8
8
9
9
8
7
8
8
9
8
9
7
31
16
8
8
8
8
10
8
7
8
8
9
8
7
8
8
10
8
8
8
8
8
8
8
16
8
10
8
8
8
9
8
7
8
8
7
8
8
9
7
8
9
8
8
7
7
9
7
16
8
8
9
9
8
9
8
9
7
9
8
8
8
9
8
8
7
8
8
8
8
524
93
575
369
63
3887
34124
123
41
28
21
21
23
21
21
22
21
21
21
20
31
9
8
16
8
9
8
8
7
9
9
8
8
8
8
8
10
8
8
9
9
8
7
148
52
38
33
23
22
22
21
21
21
22
21
22
21
21
21
21
21
21
16
9
22
15
8
8
8
8
8
9
9
9
7
9
9
8
9
8
9
8
9
9
8
8
8
11
30
8
9
8
8
9
7
8
9
7
9
8
8
8
7
9
8
8
8
8
9
8
8
8
116010
191
79
38
26
17
8
8
8
9
8
8
8
8
8
8
9
9
8
8
8
8
8
9
8
8
9
9
9
16
9
9
10
9
9
8
8
9
8
8
8
8
8
8
8
8
8
10
8
7
8
7
8
15
8
9
8
8
8
7
8
8
8
9
8
8
8
9
9
7
8
9
8
8
8
8
9
17
9
9
8
8
8
8
8
8
8
9
7
8
9
8
9
7
8
9
7
8
8
8
31
8
9
8
8
8
8
8
8
16
8
8
8
8
8
8
8
8
17
8
8
8
8
8
9
9
8
8
8
9
8
10
8
17
9
9
8
8
8
9
8
9
8
8
8
8
9
8
8
8
8
8
7
8
9
8
8
79017
88
38
27
22
21
17
26
16
8
8
8
8
8
8
9
9
8
8
8
9
8
8
8
9
8
9
9
13
26
9
9
8
8
8
8
9
8
8
8
8
9
7
8
8
8
10
8
8
8
8
8
21895
97
38
26
22
21
23
16
9
8
8
9
9
8
8
9
22
9
8
8
8
8
8
8
9
9
8
8
8
9
8
9
8
9
9
8
8
8
9
9
24
16
9
8
7
8
10
8
8
8
8
9
8
8
9
7
8
8
7
8
7
8
8
16
8
8
8
8
8
8
9
9
7
8
8
9
9
7
8
8
8
8
8
8
8
8
9
9
8
9
8
9
8
8
9
8
8
8
8
8
8
9
8
7
8
7
9
8
8
7
9
10
7
243
57
32
24
22
16
8
8
8
7
9
9
9
8
8
8
8
8
8
8
8
9
8
8
9
8
9
8
8
17
9
10
8
8
8
8
8
8
8
9
8
9
8
18
8
8
10
9
8
8
8
9
15
3949
3807
10047
200
43
29
24
22
21
16
9
8
8
9
8
8
9
9
8
8
9
8
8
8
8
8
9
9
9
9
8
17
17
10
9
9
9
9
9
8
9
9
8
9
8
8
8
9
11
8
8
8
8
9
10
10
10
9
9
9
9
9
10
10
10
8
9
9
9
10
9
9
9
8
8
9
8
32
18
8
9
8
7
9
8
8
8
8
9
8
8
9
8
8
8
7
9
8
8
8
269
51
26
21
22
21
21
21
24
26
25
28
30
23
22
22
108018
19
40163
27178
48
22
22
21
21
21
11
8
9
9
16
9
8
8
8
8
8
9
9
8
8
8
8
8
8
10
8
8
8
8
10
8
14
12
9
8
9
8
8
8
8
8
8
8
9
8
8
8
8
8
8
8
8
8
8
8
8
8
17122
40
26
23
22
21
26
22
22
21
22
21
22
25
33
22
22
22
21
21
Average : 582
