0.103813
0.100615
0.0979325
0.0997755
0.0972595
0.097755
0.100563
0.103254
0.0999055
0.0989475
0.099971
0.100004
0.097708
0.097586
0.097262
0.102114
0.0986455
0.0985565
0.104461
0.096797
0.102138
0.10047
0.0972605
0.109812
0.096274
0.10264
0.102371
0.0978255
0.098365
0.0987485
0.0982435
0.112244
0.0982095
0.0998995
0.098219
0.099363
0.100891
0.0987795
0.100083
0.102505
0.10745
0.103627
0.098217
0.098746
0.098156
0.104377
0.102686
0.0979735
0.103253
0.0988685
0.111867
0.102505
0.0980725
0.0996005
0.095927
0.099106
0.100035
0.098713
0.10187
0.098358
0.101838
0.097051
0.111044
0.098065
0.0999425
0.098987
0.0993845
0.0991475
0.097873
0.099319
0.101133
0.100599
0.10265
0.0961455
0.099145
0.100773
0.0974015
0.111427
0.100512
0.0970665
0.098922
0.098347
0.098109
0.103384
0.101724
0.099493
0.098901
0.0982505
0.105155
0.100937
0.0976695
0.09733
0.105614
0.0974375
0.101077
0.098274
0.0991245
0.0988335
0.097582
0.101323
