3359.41
3078.82
3142.06
3126.47
3162.35
3070.88
3145
2937.94
3236.47
3011.18
3231.47
2807.94
2981.47
3391.76
3222.06
3289.12
3216.76
3350.88
3154.71
3172.35
3330
3182.06
3126.47
3189.12
3570.59
3171.76
2972.94
3710.59
3234.71
3142.35
2972.94
2970
3257.94
3307.35
3223.82
2949.71
3576.76
2907.35
3050.59
3012.06
2834.41
3441.76
3540.59
2890.88
3104.41
3148.24
2871.18
3014.12
3156.76
3236.76
3327.65
3065.88
3167.65
3394.41
2889.12
3089.41
3167.94
3238.53
3045.59
3075.29
3324.71
3112.94
3247.35
3600.59
3202.06
3200.59
2962.35
3146.18
3248.82
3332.65
3148.53
3421.47
3204.12
3135.59
3469.41
3196.18
3333.53
3119.12
3070
2962.65
3530.29
3390.59
2972.35
3211.76
3380.29
2871.76
2952.65
3024.12
2920.59
3498.53
3118.82
3362.35
3265.59
3489.71
3106.76
3273.53
3060.29
3374.12
3151.47
3204.71
