0.058137
0.045824
0.045845
0.045814
0.045689
0.046092
0.047782
0.046373
0.046781
0.046844
0.046013
0.045684
0.046079
0.045716
0.045628
0.045831
0.046722
0.04704
0.0458
0.046867
0.046432
0.046133
0.048946
0.046903
0.045391
0.045752
0.04526
0.047406
0.046944
0.046203
0.048931
0.045841
0.045792
0.045692
0.045688
0.045762
0.046111
0.045656
0.047482
0.04687
0.046507
0.048805
0.045787
0.045837
0.04569
0.045382
0.045485
0.045659
0.045762
0.046688
0.046478
0.045885
0.051435
0.045873
0.045437
0.045538
0.045597
0.046888
0.045794
0.046797
0.047067
0.045063
0.046742
0.047311
0.045612
0.045664
0.045633
0.045532
0.045374
0.045313
0.046419
0.046914
0.046043
0.046762
0.045819
0.046479
0.045692
0.045323
0.045307
0.046097
0.045458
0.046693
0.04755
0.044824
0.046802
0.048849
0.046445
0.04569
0.045408
0.045149
0.046309
0.045605
0.048387
0.046324
0.046078
0.051525
0.045863
0.045342
0.045807
0.045833
