0.101463
0.096293
0.101416
0.0977515
0.098942
0.097375
0.0968305
0.100546
0.0965935
0.097208
0.0975225
0.0959135
0.0974945
0.0993525
0.101342
0.0975015
0.096635
0.102987
0.095889
0.098831
0.0969445
0.0976205
0.100118
0.098093
0.0982235
0.098418
0.098611
0.104352
0.0970835
0.103257
0.0965295
0.097983
0.098017
0.0969535
0.0990675
0.09809
0.09945
0.0994485
0.0982565
0.098167
0.103984
0.0990565
0.0986945
0.097728
0.098034
0.099152
0.0984045
0.0982985
0.0980975
0.0970695
0.100079
0.098158
0.098546
0.0990075
0.0996475
0.100413
0.0975645
0.101305
0.0967455
0.098915
0.09988
0.096334
0.0982905
0.0971015
0.098946
0.0970535
0.096681
0.11282
0.0966625
0.099128
0.100768
0.097624
0.0976815
0.0969655
0.0995095
0.0971815
0.095982
0.110471
0.0970795
0.097309
0.0993025
0.099057
0.099999
0.100386
0.09839
0.098677
0.100348
0.097542
0.0985865
0.0990625
0.0969145
0.101461
0.09734
0.098136
0.112802
0.100119
0.0988305
0.096867
0.0998105
0.098048
