0.113471
0.097293
0.0992705
0.100076
0.097753
0.111274
0.096702
0.0978205
0.0971095
0.097602
0.11353
0.097361
0.0978005
0.100437
0.0964275
0.099444
0.0980675
0.096491
0.098561
0.0988725
0.098529
0.102583
0.0972185
0.097208
0.10086
0.098699
0.100105
0.0994255
0.0974575
0.0959795
0.099622
0.096711
0.102992
0.098021
0.0959495
0.104887
0.099059
0.100935
0.100409
0.0963865
0.0992965
0.109363
0.098917
0.0999005
0.0954955
0.0981295
0.100043
0.104065
0.097639
0.0996645
0.098316
0.0969815
0.098301
0.09776
0.0967115
0.0981395
0.0969835
0.097993
0.098551
0.096852
0.09815
0.096253
0.098351
0.098949
0.096602
0.101412
0.097274
0.101685
0.0981655
0.099177
0.0970705
0.100502
0.098749
0.0985685
0.0963275
0.0995795
0.0979045
0.101167
0.097468
0.097257
0.100947
0.0971155
0.100276
0.097781
0.096465
0.0987405
0.101452
0.098008
0.097777
0.100325
0.097068
0.0972545
0.09774
0.0973845
0.0968895
0.11043
0.0963925
0.0988825
0.0972025
0.096837
